# Array shape: (8, 8, 8)
0.136   -0.694  -0.751  -0.652  -0.651  -0.543  -0.409  -0.664 
-0.348  -0.956  -0.906  -0.895  -0.856  -0.685  -0.731  -0.946 
-0.857  -0.948  -0.736  -0.796  -0.691  -0.376  -0.818  -0.996 
-0.872  -0.869  -0.901  -0.943  -0.701  -0.289  -0.992  -1.000 
-0.286  -0.576  -0.779  -0.725  0.563   -0.223  -1.000  -0.999 
-0.033  -0.290  -0.249  0.722   0.885   -0.995  -1.000  -0.835 
-0.246  -0.313  0.244   0.903   -0.339  -1.000  -0.999  0.689  
-0.287  -0.273  0.845   0.793   -0.999  -1.000  -0.566  0.844  
# New slice
0.828   0.949   0.980   0.983   0.987   0.988   0.973   0.950  
-0.745  -0.510  -0.005  0.612   0.931   0.968   0.955   0.949  
-0.998  -0.999  -1.000  -0.998  -0.977  -0.960  -0.793  -0.132 
-0.896  -0.984  -0.993  -0.981  -0.990  -0.996  -0.964  -0.897 
-0.014  0.105   0.555   0.546   -0.799  -0.926  -0.764  -0.868 
0.031   0.494   0.840   0.090   -0.748  -0.390  -0.538  -0.846 
0.270   0.820   0.745   -0.561  -0.625  -0.240  -0.704  -0.779 
0.603   0.825   -0.168  -0.778  -0.263  -0.521  -0.833  -0.697 
# New slice
0.862   0.103   -0.876  -0.982  -0.998  -1.000  -1.000  -0.999 
0.984   0.997   0.998   0.991   0.878   0.544   -0.358  -0.827 
-0.049  0.235   0.241   -0.306  -0.351  -0.315  -0.606  -0.817 
-0.500  -0.656  -0.943  -0.979  -0.962  -0.949  -0.941  -0.919 
-0.118  -0.672  -0.937  -0.959  -0.943  -0.942  -0.948  -0.840 
-0.102  -0.732  -0.904  -0.883  -0.917  -0.932  -0.870  -0.650 
-0.649  -0.891  -0.848  -0.790  -0.811  -0.873  -0.698  -0.415 
-0.775  -0.913  -0.905  -0.936  -0.944  -0.809  -0.437  -0.384 
# New slice
0.728   0.923   0.915   0.886   0.856   0.879   0.921   0.920  
0.566   -0.291  -0.126  0.415   0.629   0.363   0.431   0.694  
-0.936  -0.967  -0.981  -0.996  -0.999  -0.999  -0.970  -0.779 
-0.451  -0.496  -0.898  -0.985  -0.973  -0.622  -0.061  -0.622 
0.040   -0.140  -0.514  -0.699  -0.293  -0.008  -0.544  -0.785 
-0.035  -0.433  -0.812  -0.676  -0.030  0.038   -0.548  -0.545 
-0.279  -0.719  -0.764  -0.116  0.422   -0.221  -0.538  -0.446 
-0.512  -0.803  -0.346  0.313   -0.342  -0.788  -0.700  -0.471 
# New slice
0.413   -0.270  -0.798  -0.694  -0.477  -0.396  -0.439  -0.437 
-0.891  -0.977  -0.954  -0.907  -0.937  -0.966  -0.977  -0.970 
-0.992  -0.973  -0.950  -0.987  -0.993  -0.987  -0.972  -0.970 
-0.163  0.153   -0.002  0.116   0.478   0.180   -0.757  -0.935 
0.160   0.250   0.332   0.588   0.036   -0.954  -0.993  -0.854 
0.000   -0.078  0.022   -0.236  -0.927  -0.995  -0.979  0.210  
-0.008  0.054   0.150   -0.581  -0.990  -0.998  -0.736  0.758  
-0.077  0.103   -0.262  -0.972  -0.999  -0.982  0.326   0.715  
# New slice
0.614   0.122   -0.680  -0.689  -0.711  -0.698  -0.576  -0.385 
0.808   -0.027  -0.740  -0.794  -0.871  -0.855  -0.257  -0.681 
0.911   0.615   -0.347  -0.737  -0.900  -0.479  0.370   -0.975 
0.901   0.897   0.631   -0.108  -0.037  0.969   0.884   -0.994 
0.258   0.320   0.080   -0.162  0.932   0.997   0.315   -0.996 
-0.018  -0.258  -0.671  0.034   0.991   0.978   -0.910  -0.994 
-0.148  -0.587  -0.577  0.938   0.995   -0.119  -0.989  -0.976 
-0.322  -0.686  0.548   0.995   0.880   -0.977  -0.991  -0.924 
# New slice
0.156   0.742   0.960   0.983   0.992   0.994   0.993   0.983  
-0.995  -0.996  -0.987  -0.969  -0.846  -0.456  0.362   0.778  
-0.990  -0.994  -0.985  -0.969  -0.959  -0.948  -0.588  0.368  
-0.827  -0.747  -0.611  -0.547  -0.841  -0.895  -0.641  0.280  
-0.234  -0.242  0.018   -0.450  -0.821  -0.853  -0.782  0.114  
0.013   0.344   0.413   -0.273  -0.710  -0.824  -0.623  0.768  
0.137   0.454   0.001   -0.707  -0.835  -0.813  0.023   0.842  
0.416   0.165   -0.560  -0.763  -0.838  -0.518  0.726   0.755  
# New slice
0.236   -0.663  -0.927  -0.921  -0.957  -0.919  -0.349  -0.603 
-0.215  -0.850  -0.890  -0.945  -0.987  -0.834  0.229   -0.922 
-0.668  -0.822  -0.847  -0.979  -0.985  -0.158  0.346   -0.996 
-0.520  -0.603  -0.858  -0.982  -0.697  0.838   -0.777  -0.999 
-0.031  -0.328  -0.839  -0.732  0.813   0.687   -0.995  -0.999 
-0.051  -0.711  -0.898  0.148   0.911   -0.934  -1.000  -0.980 
-0.437  -0.902  -0.448  0.889   -0.176  -0.999  -0.998  -0.540 
-0.801  -0.889  0.603   0.884   -0.989  -1.000  -0.942  0.165  
# New slice
