# Array shape: (8, 4, 4)
0.140   -0.484  -0.288  -0.547 
-0.734  -0.773  -0.051  -0.917 
-0.202  0.635   0.791   -0.707 
-0.182  0.822   -0.359  0.754  
# New slice
0.776   0.965   0.970   0.943  
-0.851  -0.986  -0.979  0.032  
0.373   0.503   -0.520  -0.532 
0.613   0.513   -0.431  -0.606 
# New slice
0.981   0.993   0.430   0.273  
0.230   0.203   -0.108  0.141  
0.029   -0.746  -0.247  -0.598 
-0.631  0.065   -0.158  -0.275 
# New slice
0.791   0.838   0.711   0.801  
-0.397  -0.814  -0.556  -0.271 
-0.026  -0.446  0.369   -0.165 
-0.250  0.473   0.269   -0.231 
# New slice
0.323   -0.822  -0.418  -0.481 
0.171   -0.002  0.522   -0.600 
0.322   0.541   0.256   0.132  
0.149   -0.064  -0.941  0.753  
# New slice
0.512   -0.543  -0.537  -0.369 
0.924   0.789   0.960   0.858  
0.236   0.210   0.951   0.355  
0.006   0.963   0.953   -0.904 
# New slice
0.691   0.971   0.988   0.999  
-0.605  -0.364  -0.689  0.227  
0.215   0.373   -0.264  0.741  
0.438   -0.136  -0.535  0.824  
# New slice
0.130   -0.710  -0.810  0.086  
-0.460  -0.856  0.612   0.118  
-0.148  0.279   0.880   -0.984 
-0.556  0.776   -0.323  0.011  
# New slice
