# Array shape: (8, 25, 25)
0.001   -0.002  -0.006  0.004   0.000   0.007   0.005   -0.003  0.005   0.001   -0.003  0.001   0.005   0.000   -0.009  0.005   0.001   0.004   -0.005  0.004   -0.006  0.003   0.003   -0.008  0.001  
-0.002  0.005   0.005   -0.005  0.003   -0.001  -0.002  -0.003  -0.000  0.010   0.006   -0.000  0.007   -0.001  -0.001  0.004   -0.001  0.007   -0.004  -0.002  -0.001  -0.003  0.005   -0.006  -0.005 
-0.003  0.002   0.006   -0.000  -0.001  0.006   -0.011  -0.002  0.005   0.002   -0.003  0.005   -0.007  -0.010  -0.002  -0.010  -0.002  0.009   -0.001  0.001   0.000   0.001   0.000   -0.000  -0.006 
-0.003  0.007   0.002   0.000   0.002   0.003   0.002   -0.001  -0.003  -0.003  -0.003  -0.000  0.000   -0.006  -0.007  0.009   -0.002  -0.001  -0.004  -0.003  0.001   0.003   0.000   -0.001  -0.000 
-0.006  0.012   0.009   0.002   0.162   0.358   0.304   0.293   0.110   0.067   0.001   -0.001  0.007   -0.001  -0.007  -0.006  0.002   -0.001  0.001   0.003   -0.006  0.005   -0.000  0.001   -0.003 
0.001   0.001   -0.000  -0.005  0.429   0.490   0.488   0.490   0.489   0.465   0.384   0.382   0.382   0.380   0.381   0.383   0.382   0.384   0.331   0.098   0.003   0.004   -0.001  -0.009  0.003  
0.013   0.003   0.006   0.001   0.131   0.217   0.141   0.220   0.313   0.382   0.490   0.426   0.490   0.490   0.490   0.482   0.440   0.490   0.490   0.272   0.009   -0.004  0.001   0.001   0.001  
-0.007  -0.003  -0.001  0.002   -0.000  -0.000  -0.001  0.001   -0.004  0.030   0.127   0.024   0.135   0.136   0.136   0.112   0.034   0.455   0.490   0.210   0.004   0.003   0.000   0.001   0.003  
0.012   -0.001  0.000   0.000   -0.001  0.004   0.003   -0.005  -0.000  0.004   -0.007  0.004   0.003   0.000   -0.000  -0.001  0.156   0.488   0.405   0.037   0.000   -0.002  -0.006  -0.000  -0.003 
-0.002  -0.001  0.006   0.003   -0.002  0.005   -0.000  0.004   -0.003  0.003   -0.004  -0.001  0.001   0.008   -0.005  0.043   0.453   0.491   0.164   0.005   -0.001  0.009   -0.006  0.004   0.001  
-0.001  -0.004  -0.008  0.002   -0.005  0.007   -0.001  0.003   -0.001  -0.007  0.001   0.001   0.002   -0.007  -0.004  0.250   0.488   0.459   0.083   0.005   -0.001  -0.004  -0.003  0.003   -0.006 
0.008   -0.000  -0.005  0.006   0.002   -0.002  0.002   0.001   -0.005  0.004   -0.001  -0.002  -0.000  0.009   0.103   0.480   0.490   0.119   -0.000  0.010   0.005   -0.001  -0.001  -0.006  0.001  
0.000   0.008   0.005   0.003   -0.003  0.000   -0.008  0.005   -0.007  0.000   0.003   -0.003  0.014   0.000   0.255   0.490   0.365   0.009   -0.001  -0.000  -0.001  0.001   -0.002  -0.008  0.005  
-0.005  -0.003  0.005   0.003   -0.003  -0.000  -0.002  0.004   -0.002  0.001   0.001   0.006   0.005   0.013   0.391   0.478   0.110   -0.003  -0.000  0.005   -0.005  -0.000  0.001   -0.000  0.001  
0.005   0.002   0.002   0.001   -0.002  -0.003  -0.003  0.005   0.001   0.004   -0.048  -0.006  -0.002  0.249   0.490   0.352   0.002   0.001   -0.007  -0.004  0.005   -0.005  0.001   -0.007  -0.001 
0.000   0.005   0.001   0.000   -0.002  0.006   0.003   -0.003  -0.004  0.001   -0.008  0.002   0.143   0.484   0.464   0.108   -0.006  -0.001  0.000   0.002   0.006   0.006   -0.006  -0.007  -0.003 
-0.001  0.008   0.002   -0.001  0.002   0.001   0.004   -0.000  0.012   -0.004  -0.008  0.038   0.429   0.490   0.319   0.001   -0.002  0.012   -0.000  0.009   0.003   -0.000  -0.002  0.001   -0.009 
-0.004  -0.001  0.001   -0.001  -0.004  -0.001  0.002   -0.001  -0.007  -0.000  0.007   0.392   0.489   0.422   0.063   -0.007  0.006   -0.010  -0.000  0.010   -0.000  -0.000  0.000   0.000   0.000  
0.000   0.001   -0.003  0.002   0.002   0.000   0.001   -0.005  0.005   0.001   0.068   0.490   0.490   0.159   0.002   -0.001  0.002   0.005   0.004   -0.000  0.002   0.003   0.006   0.001   -0.004 
-0.004  -0.013  -0.007  -0.001  0.007   0.001   0.001   -0.007  0.003   0.057   0.433   0.490   0.214   -0.000  -0.006  -0.002  0.000   0.003   -0.003  0.001   -0.004  -0.001  -0.006  0.003   -0.001 
-0.001  -0.005  -0.003  -0.001  0.006   -0.000  -0.001  -0.010  -0.000  0.262   0.489   0.490   0.100   0.003   0.000   -0.003  -0.002  -0.000  0.003   -0.002  -0.001  -0.004  -0.003  -0.006  -0.006 
0.003   -0.006  -0.003  0.003   -0.004  0.003   0.007   0.003   0.122   0.466   0.490   0.489   0.102   -0.000  0.006   0.002   -0.000  -0.002  0.003   -0.005  0.003   -0.002  0.004   0.004   -0.004 
-0.004  -0.002  -0.001  0.002   0.003   -0.004  -0.008  -0.008  0.230   0.490   0.490   0.424   0.069   -0.006  0.004   0.001   0.001   -0.000  0.006   -0.002  -0.006  -0.004  0.000   -0.001  0.003  
0.002   -0.002  0.003   -0.001  0.001   0.011   0.001   0.002   0.231   0.490   0.399   0.037   -0.000  -0.003  -0.002  0.000   0.007   -0.003  0.008   -0.001  0.002   0.001   -0.002  0.001   -0.006 
-0.004  0.002   0.005   0.001   -0.003  0.008   0.006   -0.007  -0.000  -0.002  -0.003  -0.006  0.000   0.007   -0.001  -0.001  0.003   0.001   -0.006  -0.005  -0.001  0.004   0.014   -0.001  -0.003 
# New slice
0.006   0.006   -0.012  0.000   -0.000  0.002   -0.003  -0.006  -0.006  -0.005  -0.005  0.004   0.004   0.002   -0.002  -0.009  -0.001  -0.001  0.013   0.005   0.001   -0.005  0.010   -0.008  -0.005 
-0.005  -0.005  0.014   0.017   -0.009  0.004   0.008   -0.003  -0.009  -0.003  0.005   -0.001  -0.005  -0.005  -0.004  0.001   0.002   -0.006  0.002   -0.006  0.000   0.008   0.000   -0.003  0.001  
0.010   -0.003  0.002   -0.011  0.004   0.001   -0.006  0.003   0.000   0.002   0.006   -0.006  0.001   0.004   -0.003  -0.007  0.004   0.001   -0.003  -0.001  -0.003  0.004   -0.006  0.005   0.007  
0.003   -0.001  -0.002  -0.000  -0.005  -0.005  -0.001  -0.005  -0.001  0.007   -0.006  -0.005  -0.003  -0.000  -0.011  -0.003  -0.001  0.003   -0.008  0.022   0.004   0.005   -0.003  0.009   0.007  
0.012   0.010   0.001   -0.011  -0.005  -0.009  0.001   0.001   -0.007  -0.001  -0.000  0.006   0.002   -0.004  0.000   -0.120  -0.000  -0.017  0.002   0.000   0.011   0.010   -0.004  0.005   -0.001 
0.001   -0.001  0.002   -0.001  -0.000  0.006   -0.012  -0.008  -0.006  -0.002  0.000   0.003   0.002   0.002   -0.001  -0.006  -0.001  -0.001  -0.011  -0.002  0.001   0.002   0.002   0.001   -0.001 
0.004   0.003   -0.001  -0.006  0.052   0.100   0.085   0.078   0.031   0.016   -0.005  0.010   -0.005  -0.008  0.001   -0.004  0.003   -0.003  0.005   0.009   -0.001  -0.009  -0.006  -0.006  0.003  
-0.011  -0.002  0.005   0.012   0.118   0.133   0.129   0.133   0.133   0.128   0.093   0.110   0.104   0.105   0.105   0.103   0.104   0.107   0.092   0.027   -0.002  -0.008  -0.005  -0.000  -0.001 
0.000   0.005   -0.001  -0.006  0.033   0.061   0.040   0.058   0.084   0.120   0.133   0.118   0.131   0.133   0.133   0.132   0.121   0.130   0.132   0.073   -0.002  0.005   -0.009  -0.002  -0.001 
0.002   0.005   -0.004  -0.002  -0.007  -0.001  0.006   -0.000  0.001   -0.030  0.049   -0.001  0.047   0.038   0.027   0.035   0.022   0.123   0.133   0.053   0.007   -0.000  0.010   -0.001  -0.001 
-0.007  -0.001  -0.012  -0.004  -0.003  -0.009  -0.002  0.000   -0.005  -0.002  -0.007  -0.003  0.003   0.005   0.001   -0.004  0.043   0.132   0.109   0.002   0.005   -0.001  -0.011  -0.001  0.002  
-0.000  -0.005  0.003   0.010   -0.004  -0.009  0.008   0.006   -0.006  0.002   -0.006  -0.009  -0.001  -0.002  0.004   0.004   0.124   0.133   0.037   0.002   -0.002  -0.008  -0.003  -0.002  -0.006 
0.000   -0.005  0.000   -0.014  0.002   -0.007  0.001   0.005   0.009   -0.004  -0.005  0.001   -0.001  -0.007  -0.003  0.072   0.129   0.123   0.019   0.006   0.000   -0.001  -0.005  0.002   -0.003 
0.001   -0.006  -0.000  -0.004  -0.015  -0.004  -0.006  -0.003  -0.002  0.004   0.003   -0.008  0.006   -0.011  0.033   0.130   0.133   0.023   -0.011  -0.011  -0.001  0.000   0.001   0.001   -0.004 
-0.009  -0.003  0.004   0.012   0.001   -0.009  -0.014  0.001   -0.014  0.002   0.016   -0.004  -0.009  -0.005  0.074   0.133   0.101   0.006   0.001   -0.007  -0.001  0.010   -0.001  -0.003  -0.008 
-0.001  0.007   0.001   0.015   0.006   0.001   0.009   -0.008  -0.003  0.002   0.010   0.000   -0.001  0.000   0.109   0.129   0.033   -0.007  0.002   0.005   0.004   0.001   0.002   -0.005  0.007  
0.008   -0.003  -0.009  -0.006  0.006   0.005   -0.001  0.001   -0.005  -0.006  -0.000  0.014   0.003   0.069   0.132   0.097   -0.000  -0.000  -0.009  -0.015  -0.008  -0.002  -0.004  0.003   -0.011 
-0.005  -0.000  -0.009  0.003   -0.010  -0.002  -0.001  -0.001  -0.002  -0.002  0.009   0.002   0.037   0.130   0.125   0.035   0.011   0.001   0.001   0.005   -0.007  0.013   -0.005  -0.001  -0.002 
0.002   -0.001  -0.006  -0.008  -0.009  0.007   -0.002  -0.002  0.008   0.002   0.006   0.012   0.118   0.132   0.094   0.003   -0.001  0.000   -0.001  -0.000  0.002   -0.005  -0.001  0.001   0.001  
-0.002  0.009   0.005   0.007   -0.001  0.002   -0.011  -0.000  0.014   0.006   0.004   0.104   0.133   0.115   0.019   0.002   0.003   0.010   0.004   0.003   -0.021  -0.002  -0.004  -0.004  0.010  
0.006   -0.010  -0.003  0.001   0.002   0.003   0.002   0.003   0.004   0.003   0.023   0.131   0.132   0.044   -0.007  -0.003  0.003   0.002   0.004   -0.002  0.006   0.005   0.013   0.003   -0.001 
0.000   -0.005  -0.012  0.004   -0.004  -0.007  -0.003  0.003   0.006   0.018   0.116   0.133   0.070   0.001   0.004   -0.015  -0.004  -0.000  0.011   0.000   0.003   -0.004  0.000   -0.001  -0.005 
0.002   0.001   0.002   -0.005  0.002   0.006   -0.007  -0.001  -0.008  0.068   0.129   0.132   0.034   0.001   0.000   -0.010  0.000   -0.006  -0.007  -0.006  0.003   -0.004  -0.004  0.003   0.004  
-0.001  -0.009  -0.003  -0.010  -0.002  -0.007  -0.007  -0.000  0.030   0.127   0.134   0.133   0.031   -0.006  -0.001  0.003   0.017   -0.004  -0.004  0.000   -0.002  -0.006  0.019   0.009   -0.000 
-0.004  0.006   0.008   -0.000  0.002   0.006   -0.007  -0.008  0.063   0.133   0.132   0.111   0.019   -0.002  -0.014  -0.003  0.002   0.010   -0.006  -0.008  0.002   -0.000  -0.001  -0.001  -0.004 
# New slice
0.023   -0.028  -0.008  -0.011  -0.017  0.032   0.010   0.016   0.023   0.020   0.003   -0.030  0.010   0.006   0.052   -0.026  0.010   -0.010  -0.019  -0.011  -0.003  0.011   0.003   -0.003  -0.003 
-0.018  -0.030  0.020   0.007   0.012   0.006   0.002   0.002   0.024   0.021   -0.027  0.000   0.012   0.016   -0.035  -0.039  -0.030  -0.001  -0.001  -0.012  -0.005  0.007   0.015   -0.020  0.009  
-0.001  -0.002  0.009   0.027   -0.000  0.000   0.002   0.001   0.012   0.029   -0.011  0.007   -0.047  -0.011  -0.021  -0.020  0.005   0.021   -0.045  0.019   -0.019  0.023   -0.023  -0.016  -0.007 
0.030   0.019   -0.018  0.002   -0.029  -0.019  -0.000  0.002   0.023   -0.005  -0.033  -0.014  0.004   0.006   -0.023  -0.015  -0.004  0.023   -0.028  -0.013  0.014   -0.019  -0.012  0.002   0.017  
0.050   0.003   -0.016  0.016   -0.000  0.006   0.028   0.001   0.011   -0.021  0.026   0.046   0.024   0.014   -0.020  0.017   0.017   0.021   -0.021  -0.007  0.010   0.002   -0.013  0.028   -0.003 
0.027   -0.021  -0.050  0.110   0.325   0.396   0.387   0.287   0.118   0.067   0.005   0.010   0.025   -0.016  0.024   -0.012  0.008   -0.033  -0.012  0.000   -0.018  0.013   0.004   0.010   -0.031 
-0.001  -0.018  -0.022  0.266   0.521   0.513   0.554   0.522   0.544   0.498   0.422   0.423   0.445   0.466   0.455   0.451   0.411   0.399   0.250   0.074   0.013   -0.016  -0.009  0.008   0.032  
-0.019  0.003   0.025   0.087   0.207   0.218   0.250   0.326   0.451   0.506   0.516   0.525   0.547   0.548   0.532   0.500   0.487   0.524   0.458   0.179   0.009   -0.026  0.019   -0.013  -0.024 
-0.012  -0.001  0.012   0.001   -0.010  -0.014  -0.026  0.007   -0.014  0.139   0.095   0.112   0.188   0.153   0.168   0.123   0.299   0.539   0.420   0.140   0.008   0.004   -0.002  0.047   0.022  
0.007   -0.002  0.043   -0.027  0.039   0.013   0.003   0.021   0.004   -0.042  0.001   -0.008  -0.013  0.034   0.037   0.102   0.403   0.506   0.261   0.033   0.021   0.022   0.008   0.001   0.008  
0.020   -0.013  0.014   -0.003  0.006   -0.002  -0.015  0.014   0.018   -0.015  -0.010  -0.013  0.021   0.008   0.037   0.306   0.531   0.388   0.130   -0.008  -0.003  0.006   0.041   -0.008  0.009  
0.004   0.013   0.026   0.008   0.009   -0.021  0.005   -0.007  -0.030  0.022   0.038   0.010   0.039   0.010   0.179   0.434   0.523   0.339   0.088   0.026   -0.014  0.041   -0.004  -0.007  -0.010 
0.034   0.003   0.033   -0.015  0.016   -0.033  0.001   0.005   0.014   -0.037  0.016   -0.006  0.010   0.086   0.352   0.520   0.394   0.065   0.018   -0.000  0.002   0.001   0.038   0.018   -0.015 
0.001   0.010   -0.023  0.008   0.014   0.019   -0.010  -0.005  -0.004  -0.004  0.019   0.008   0.002   0.171   0.442   0.482   0.288   0.010   -0.016  -0.029  0.006   0.020   -0.032  -0.024  0.021  
-0.039  -0.001  -0.007  -0.028  -0.015  -0.012  0.010   0.017   -0.003  -0.044  0.009   0.003   0.019   0.271   0.478   0.379   0.058   0.005   -0.026  0.005   0.000   -0.029  -0.042  0.016   -0.036 
-0.027  0.025   0.024   0.024   -0.017  -0.002  0.019   0.018   0.021   0.002   0.014   0.018   0.169   0.441   0.479   0.249   0.003   -0.013  -0.008  -0.321  -0.046  0.003   -0.008  -0.022  0.009  
-0.010  -0.021  -0.020  -0.004  -0.037  0.003   0.031   0.055   0.028   0.015   0.028   0.093   0.396   0.549   0.353   0.057   -0.014  0.002   0.008   -0.021  0.015   0.027   -0.020  -0.021  0.003  
0.028   -0.012  -0.004  0.001   -0.024  -0.002  0.008   0.009   0.004   -0.005  -0.002  0.304   0.512   0.512   0.193   0.002   -0.007  -0.035  -0.006  -0.002  -0.012  0.014   0.009   -0.005  -0.052 
0.021   0.001   0.013   0.027   0.013   0.009   -0.009  -0.027  0.018   -0.021  0.239   0.518   0.515   0.293   0.056   -0.013  0.001   0.033   -0.007  -0.019  0.014   -0.021  0.010   -0.010  -0.006 
-0.038  0.047   -0.021  -0.034  -0.004  0.010   0.001   -0.010  -0.011  0.039   0.338   0.549   0.389   0.116   0.002   0.016   -0.023  -0.007  -0.001  0.032   -0.011  -0.011  -0.014  0.010   0.033  
-0.000  0.015   -0.004  -0.020  0.008   -0.018  -0.005  -0.009  0.036   0.301   0.510   0.427   0.124   0.050   -0.007  -0.032  0.002   -0.025  0.012   0.020   -0.030  0.017   0.002   -0.032  -0.344 
-0.009  -0.001  -0.023  0.019   -0.027  -0.001  0.002   0.009   0.152   0.431   0.540   0.349   0.065   0.003   0.000   0.024   -0.015  -0.014  0.015   -0.005  0.045   -0.017  0.023   -0.018  -0.039 
0.022   0.030   -0.028  -0.005  -0.012  0.006   -0.034  0.083   0.381   0.526   0.537   0.374   0.082   -0.015  -0.023  0.003   0.017   -0.019  0.022   0.066   -0.006  -0.020  -0.026  0.041   -0.004 
-0.029  -0.028  -0.009  -0.030  -0.024  -0.008  0.002   0.185   0.432   0.533   0.505   0.299   0.057   -0.002  -0.008  -0.001  -0.011  -0.011  0.030   -0.028  0.030   -0.011  0.004   0.002   0.007  
-0.016  0.037   0.004   -0.001  -0.024  0.019   0.005   0.167   0.421   0.465   0.306   0.005   -0.013  0.017   -0.039  0.033   -0.004  0.021   0.006   0.028   -0.005  -0.018  0.019   -0.013  0.003  
# New slice
-0.000  -0.000  -0.000  -0.000  -0.000  -0.000  -0.000  -0.000  -0.000  -0.000  -0.000  -0.000  -0.000  -0.000  -0.000  -0.000  -0.000  -0.000  -0.000  -0.000  -0.000  -0.000  -0.000  -0.000  -0.000 
-0.000  -0.000  -0.000  -0.000  -0.000  -0.000  -0.000  -0.000  -0.000  -0.000  -0.000  -0.000  -0.000  -0.000  -0.000  -0.000  -0.000  -0.000  -0.000  -0.000  -0.000  -0.000  -0.000  -0.000  -0.000 
-0.000  -0.000  -0.000  -0.000  -0.000  -0.000  -0.000  -0.000  -0.000  -0.000  -0.000  -0.000  -0.000  -0.000  -0.000  -0.000  -0.000  -0.000  -0.000  -0.000  -0.000  -0.000  -0.000  -0.000  -0.000 
-0.000  -0.000  -0.000  -0.000  -0.000  -0.000  -0.000  -0.000  -0.000  -0.000  -0.000  -0.000  -0.000  -0.000  -0.000  -0.000  -0.000  -0.000  -0.000  -0.000  -0.000  -0.000  -0.000  -0.000  -0.000 
-0.000  -0.000  -0.000  -0.000  -0.000  -0.000  -0.000  -0.000  -0.000  -0.000  -0.000  -0.000  -0.000  -0.000  -0.000  -0.000  -0.000  -0.000  -0.000  -0.000  -0.000  -0.000  -0.000  -0.000  -0.000 
-0.000  -0.000  -0.000  -0.000  -0.000  -0.000  -0.000  -0.000  -0.000  -0.000  -0.000  -0.000  -0.000  -0.000  -0.000  -0.000  -0.000  -0.000  -0.000  -0.000  -0.000  -0.000  -0.000  -0.000  -0.000 
-0.000  -0.000  -0.000  -0.000  -0.000  -0.000  -0.000  -0.000  -0.000  -0.000  -0.000  -0.000  -0.000  -0.000  -0.000  -0.000  -0.000  -0.000  -0.000  -0.000  -0.000  -0.000  -0.000  -0.000  -0.000 
-0.000  -0.000  -0.000  -0.000  -0.000  -0.000  -0.000  -0.000  -0.000  -0.000  -0.000  -0.000  -0.000  -0.000  -0.000  -0.000  -0.000  -0.000  -0.000  -0.000  -0.000  -0.000  -0.000  -0.000  -0.000 
-0.000  -0.000  -0.000  -0.000  -0.000  -0.000  -0.000  -0.000  -0.000  -0.000  -0.000  -0.000  -0.000  -0.000  -0.000  -0.000  -0.000  -0.000  -0.000  -0.000  -0.000  -0.000  -0.000  -0.000  -0.000 
-0.000  -0.000  -0.000  -0.000  -0.000  -0.000  -0.000  -0.000  -0.000  -0.000  -0.000  -0.000  -0.000  -0.000  -0.000  -0.000  -0.000  -0.000  -0.000  -0.000  -0.000  -0.000  -0.000  -0.000  -0.000 
-0.000  -0.000  -0.000  -0.000  -0.000  -0.000  -0.000  -0.000  -0.000  -0.000  -0.000  -0.000  -0.000  -0.000  -0.000  -0.000  -0.000  -0.000  -0.000  -0.000  -0.000  -0.000  -0.000  -0.000  -0.000 
-0.000  -0.000  -0.000  -0.000  -0.000  -0.000  -0.000  -0.000  -0.000  -0.000  -0.000  -0.000  -0.000  -0.000  -0.000  -0.000  -0.000  -0.000  -0.000  -0.000  -0.000  -0.000  -0.000  -0.000  -0.000 
-0.000  -0.000  -0.000  -0.000  -0.000  -0.000  -0.000  -0.000  -0.000  -0.000  -0.000  -0.000  -0.000  -0.000  -0.000  -0.000  -0.000  -0.000  -0.000  -0.000  -0.000  -0.000  -0.000  -0.000  -0.000 
-0.000  -0.000  -0.000  -0.000  -0.000  -0.000  -0.000  -0.000  -0.000  -0.000  -0.000  -0.000  -0.000  -0.000  -0.000  -0.000  -0.000  -0.000  -0.000  -0.000  -0.000  -0.000  -0.000  -0.000  -0.000 
-0.000  -0.000  -0.000  -0.000  -0.000  -0.000  -0.000  -0.000  -0.000  -0.000  -0.000  -0.000  -0.000  -0.000  -0.000  -0.000  -0.000  -0.000  -0.000  -0.000  -0.000  -0.000  -0.000  -0.000  -0.000 
-0.000  -0.000  -0.000  -0.000  -0.000  -0.000  -0.000  -0.000  -0.000  -0.000  -0.000  -0.000  -0.000  -0.000  -0.000  -0.000  -0.000  -0.000  -0.000  -0.000  -0.000  -0.000  -0.000  -0.000  -0.000 
-0.000  -0.000  -0.000  -0.000  -0.000  -0.000  -0.000  -0.000  -0.000  -0.000  -0.000  -0.000  -0.000  -0.000  -0.000  -0.000  -0.000  -0.000  -0.000  -0.000  -0.000  -0.000  -0.000  -0.000  -0.000 
-0.000  -0.000  -0.000  -0.000  -0.000  -0.000  -0.000  -0.000  -0.000  -0.000  -0.000  -0.000  -0.000  -0.000  -0.000  -0.000  -0.000  -0.000  -0.000  -0.000  -0.000  -0.000  -0.000  -0.000  -0.000 
-0.000  -0.000  -0.000  -0.000  -0.000  -0.000  -0.000  -0.000  -0.000  -0.000  -0.000  -0.000  -0.000  -0.000  -0.000  -0.000  -0.000  -0.000  -0.000  -0.000  -0.000  -0.000  -0.000  -0.000  -0.000 
-0.000  -0.000  -0.000  -0.000  -0.000  -0.000  -0.000  -0.000  -0.000  -0.000  -0.000  -0.000  -0.000  -0.000  -0.000  -0.000  -0.000  -0.000  -0.000  -0.000  -0.000  -0.000  -0.000  -0.000  -0.000 
-0.000  -0.000  -0.000  -0.000  -0.000  -0.000  -0.000  -0.000  -0.000  -0.000  -0.000  -0.000  -0.000  -0.000  -0.000  -0.000  -0.000  -0.000  -0.000  -0.000  -0.000  -0.000  -0.000  -0.000  -0.000 
-0.000  -0.000  -0.000  -0.000  -0.000  -0.000  -0.000  -0.000  -0.000  -0.000  -0.000  -0.000  -0.000  -0.000  -0.000  -0.000  -0.000  -0.000  -0.000  -0.000  -0.000  -0.000  -0.000  -0.000  -0.000 
-0.000  -0.000  -0.000  -0.000  -0.000  -0.000  -0.000  -0.000  -0.000  -0.000  -0.000  -0.000  -0.000  -0.000  -0.000  -0.000  -0.000  -0.000  -0.000  -0.000  -0.000  -0.000  -0.000  -0.000  -0.000 
-0.000  -0.000  -0.000  -0.000  -0.000  -0.000  -0.000  -0.000  -0.000  -0.000  -0.000  -0.000  -0.000  -0.000  -0.000  -0.000  -0.000  -0.000  -0.000  -0.000  -0.000  -0.000  -0.000  -0.000  -0.000 
-0.000  -0.000  -0.000  -0.000  -0.000  -0.000  -0.000  -0.000  -0.000  -0.000  -0.000  -0.000  -0.000  -0.000  -0.000  -0.000  -0.000  -0.000  -0.000  -0.000  -0.000  -0.000  -0.000  -0.000  -0.000 
# New slice
-0.008  0.000   -0.005  0.002   -0.001  0.003   -0.002  0.007   -0.003  -0.002  -0.007  0.000   0.000   -0.007  0.002   -0.006  0.002   0.002   -0.001  -0.003  0.001   -0.000  -0.007  -0.006  -0.003 
-0.025  0.001   0.000   -0.000  0.001   -0.003  -0.001  0.004   -0.001  -0.001  0.005   0.002   0.004   0.004   0.004   0.004   -0.000  0.000   -0.003  -0.003  -0.003  0.002   0.002   0.008   -0.001 
0.002   0.000   -0.004  -0.001  0.001   -0.008  -0.000  -0.000  0.001   0.008   -0.008  0.000   -0.004  0.001   -0.005  -0.009  -0.002  -0.002  0.003   -0.005  0.003   -0.002  0.004   0.001   -0.000 
0.007   0.000   -0.001  0.002   -0.001  0.010   -0.001  -0.003  0.001   -0.002  -0.001  0.001   0.006   0.002   0.002   -0.000  -0.000  0.003   -0.005  0.002   0.006   0.001   0.000   -0.003  0.003  
-0.004  -0.002  -0.003  -0.005  -0.002  0.001   0.004   -0.003  -0.004  -0.002  0.001   0.002   -0.006  0.000   -0.004  -0.003  0.004   -0.023  0.002   0.004   -0.002  -0.008  -0.006  -0.003  0.004  
-0.003  0.007   0.000   0.054   0.002   0.005   0.005   0.003   -0.007  -0.003  -0.004  -0.007  -0.001  -0.002  -0.006  0.003   0.006   -0.002  0.003   0.002   -0.001  -0.000  0.006   -0.001  0.002  
-0.007  -0.002  -0.001  -0.001  0.004   0.197   0.439   0.375   0.355   0.142   0.077   -0.009  0.004   -0.004  0.003   -0.005  0.003   0.014   0.003   0.007   0.002   0.006   -0.003  -0.006  -0.001 
-0.002  0.000   -0.003  -0.004  -0.000  0.522   0.598   0.598   0.597   0.597   0.567   0.466   0.464   0.466   0.464   0.462   0.480   0.468   0.469   0.404   0.118   0.001   -0.001  0.000   -0.001 
0.009   -0.003  0.003   0.011   0.002   0.154   0.268   0.166   0.270   0.383   0.536   0.598   0.530   0.598   0.598   0.597   0.588   0.537   0.598   0.598   0.326   -0.002  0.002   0.001   -0.007 
-0.002  0.008   0.004   -0.001  0.001   0.001   -0.002  -0.009  -0.006  0.003   0.042   0.157   0.105   0.155   0.181   0.159   0.137   0.049   0.553   0.597   0.252   0.005   -0.007  0.001   -0.004 
0.006   0.003   -0.003  0.000   0.002   0.004   0.003   -0.001  -0.001  -0.002  0.007   -0.003  -0.001  -0.003  -0.001  -0.007  0.010   0.194   0.595   0.493   0.049   -0.004  -0.010  0.001   0.002  
0.009   -0.002  0.000   0.002   -0.003  0.003   0.001   0.001   -0.004  0.004   0.005   0.000   0.001   -0.000  0.000   0.002   0.053   0.549   0.600   0.194   0.002   0.001   0.001   -0.002  0.002  
0.004   0.004   0.000   0.001   0.006   0.003   -0.004  -0.002  -0.004  0.001   0.001   0.001   0.001   -0.000  -0.002  -0.003  0.263   0.597   0.558   0.109   -0.003  0.004   -0.002  -0.002  0.001  
-0.000  0.003   -0.004  -0.000  -0.000  -0.001  0.003   0.000   0.004   -0.002  -0.001  0.001   0.001   -0.002  -0.003  0.137   0.585   0.598   0.148   -0.001  0.002   0.001   -0.003  -0.003  -0.005 
0.002   0.000   0.005   0.000   0.000   0.007   -0.000  -0.005  -0.005  -0.005  0.003   -0.003  -0.004  -0.000  -0.002  0.317   0.597   0.440   0.010   -0.001  0.001   0.001   -0.000  0.011   -0.005 
-0.003  0.004   -0.001  -0.012  0.004   0.005   0.001   -0.004  0.001   -0.009  0.000   -0.001  0.004   -0.002  0.019   0.482   0.583   0.130   0.002   0.000   0.001   -0.009  0.010   -0.001  -0.005 
0.001   0.001   -0.000  -0.002  -0.008  0.002   0.016   -0.007  -0.001  0.000   -0.005  0.003   0.008   -0.006  0.286   0.597   0.424   -0.005  0.003   -0.002  0.005   0.002   -0.004  -0.000  0.000  
0.002   -0.002  0.004   -0.000  -0.000  -0.002  -0.000  -0.006  -0.001  -0.003  0.003   0.001   0.011   0.176   0.592   0.563   0.132   0.002   0.001   -0.002  -0.001  0.000   0.002   0.004   0.001  
0.006   -0.004  0.005   -0.002  0.003   0.002   0.008   -0.003  0.001   -0.001  0.002   -0.003  0.043   0.519   0.597   0.391   0.001   -0.002  0.000   -0.000  0.003   0.002   -0.002  0.000   0.001  
0.007   -0.004  -0.001  -0.000  0.001   -0.003  0.005   -0.012  0.002   0.009   0.006   0.018   0.480   0.597   0.515   0.082   -0.006  0.002   0.009   0.003   -0.006  0.001   -0.000  0.001   0.001  
-0.002  -0.005  0.006   -0.006  -0.004  -0.002  0.009   -0.005  0.005   -0.004  0.007   0.091   0.597   0.596   0.183   -0.003  -0.004  -0.000  -0.005  0.006   0.002   0.002   -0.002  0.002   -0.009 
0.000   -0.006  0.003   -0.002  -0.005  -0.001  0.000   0.006   0.000   0.003   0.073   0.527   0.597   0.272   -0.005  0.007   -0.001  -0.003  -0.001  0.000   -0.007  -0.001  -0.003  -0.009  -0.002 
-0.002  -0.001  -0.005  -0.012  -0.003  -0.006  0.004   -0.006  0.006   0.000   0.305   0.598   0.597   0.125   -0.001  0.005   -0.002  0.006   -0.004  -0.001  -0.002  -0.003  -0.004  0.006   0.001  
-0.002  0.001   -0.000  -0.002  0.004   -0.004  -0.007  0.007   0.000   0.144   0.569   0.598   0.597   0.121   0.003   -0.000  0.005   0.003   -0.006  -0.003  -0.003  0.003   -0.004  -0.001  -0.006 
-0.004  0.001   0.004   0.003   0.005   -0.002  -0.001  0.002   -0.001  0.287   0.603   0.597   0.509   0.099   -0.000  -0.000  0.006   -0.004  -0.000  0.001   0.009   0.002   -0.006  0.000   -0.005 
# New slice
-0.006  0.004   0.001   -0.008  -0.004  0.001   -0.000  0.003   -0.004  0.001   0.006   0.005   0.007   0.001   0.001   0.002   -0.003  0.010   -0.003  0.000   -0.004  -0.006  -0.006  -0.010  -0.009 
0.000   -0.002  -0.008  0.003   -0.002  0.010   0.007   -0.006  -0.001  -0.001  -0.004  -0.001  -0.005  -0.002  -0.008  0.008   0.005   -0.012  0.001   0.001   0.078   -0.002  0.007   0.012   -0.005 
0.001   -0.000  -0.007  -0.001  -0.000  -0.001  0.004   0.001   -0.001  -0.011  0.002   -0.003  0.002   0.007   0.008   0.011   -0.004  -0.003  0.009   0.001   0.003   0.005   0.004   0.000   -0.009 
-0.002  -0.008  0.002   0.000   -0.000  0.003   -0.004  0.000   -0.002  0.002   0.001   0.002   -0.000  0.012   -0.007  0.001   -0.004  -0.001  0.004   -0.001  0.002   -0.011  -0.011  -0.000  0.008  
-0.010  0.002   0.000   0.000   0.003   -0.000  -0.001  -0.012  0.000   0.001   -0.002  0.002   0.012   -0.002  0.002   0.006   -0.002  0.000   -0.006  0.001   0.013   -0.000  -0.001  0.007   -0.004 
-0.006  -0.004  -0.008  0.125   0.284   0.246   0.231   0.098   0.051   -0.001  0.005   0.000   -0.012  0.010   0.001   0.000   -0.001  0.000   -0.001  0.002   0.000   0.003   0.008   -0.007  0.000  
-0.001  -0.003  -0.002  0.340   0.387   0.388   0.387   0.387   0.362   0.303   0.304   0.302   0.304   0.303   0.306   0.304   0.302   0.258   0.085   0.002   -0.002  0.000   -0.003  0.002   0.005  
-0.000  -0.003  -0.001  0.106   0.171   0.104   0.172   0.249   0.344   0.388   0.343   0.387   0.387   0.388   0.381   0.348   0.388   0.387   0.215   -0.087  0.008   0.000   -0.014  -0.001  0.004  
-0.000  -0.001  0.006   0.004   -0.009  0.004   0.005   -0.002  0.029   0.102   0.014   0.103   0.099   0.106   0.085   0.031   0.359   0.389   0.162   0.001   -0.002  -0.009  -0.001  0.004   0.008  
0.001   -0.003  0.009   0.009   0.002   -0.004  0.001   0.000   -0.003  -0.002  0.003   -0.003  -0.001  -0.001  0.006   0.125   0.385   0.321   0.020   0.009   -0.014  0.005   -0.004  -0.002  -0.000 
-0.003  0.000   -0.003  -0.002  -0.010  0.000   0.001   -0.001  -0.002  -0.004  0.000   -0.004  -0.003  0.002   0.040   0.355   0.389   0.131   -0.005  -0.006  -0.001  0.001   0.003   0.000   -0.002 
-0.010  -0.000  0.002   0.003   0.000   0.007   -0.000  -0.006  -0.001  -0.002  -0.000  0.001   0.002   -0.003  0.190   0.387   0.364   0.069   0.004   -0.003  0.008   0.003   -0.001  -0.004  0.001  
-0.001  0.008   0.006   -0.007  0.000   -0.005  0.001   -0.010  -0.001  0.003   0.003   -0.003  0.004   0.093   0.380   0.387   0.094   -0.002  -0.006  -0.002  0.002   -0.002  0.002   0.000   0.004  
0.000   0.001   -0.001  0.001   -0.001  -0.003  -0.005  -0.002  -0.003  0.011   -0.002  0.000   -0.000  0.220   0.388   0.285   0.011   -0.001  0.004   0.001   0.006   0.006   0.003   -0.002  -0.002 
-0.001  -0.003  -0.001  0.003   -0.002  -0.003  0.002   0.001   0.000   -0.002  -0.001  -0.004  0.007   0.320   0.380   0.088   -0.001  0.000   -0.003  -0.002  -0.000  -0.003  -0.014  -0.007  -0.009 
-0.004  0.005   -0.004  -0.001  0.000   -0.003  0.005   0.015   0.006   0.000   0.000   0.001   0.190   0.388   0.276   -0.008  -0.007  -0.003  0.001   0.016   0.005   -0.011  0.011   0.007   -0.001 
0.002   -0.015  0.000   -0.005  0.003   -0.005  -0.007  -0.004  0.002   -0.000  0.005   0.101   0.383   0.366   0.080   0.000   0.001   -0.002  0.002   -0.002  0.004   0.001   -0.001  0.011   0.003  
-0.005  -0.006  -0.012  -0.008  0.001   0.006   -0.003  -0.003  0.003   -0.000  0.042   0.340   0.388   0.250   0.000   0.006   0.001   -0.006  -0.005  0.002   0.000   -0.002  0.002   0.000   0.000  
0.002   0.002   0.010   -0.002  -0.002  -0.004  0.003   0.012   0.006   0.004   0.314   0.387   0.337   0.059   -0.001  0.000   -0.002  0.008   -0.002  -0.017  -0.000  0.005   0.001   -0.003  0.006  
-0.003  -0.006  -0.001  -0.009  -0.003  0.001   0.008   0.005   -0.004  0.061   0.388   0.388   0.120   -0.010  -0.002  -0.003  0.004   -0.005  -0.006  0.001   -0.001  0.004   0.002   -0.006  0.002  
0.002   0.001   -0.002  -0.005  0.003   -0.008  0.002   -0.005  0.058   0.342   0.389   0.174   0.001   0.002   -0.001  -0.001  0.003   0.000   -0.009  -0.007  -0.000  0.001   0.003   0.000   0.016  
0.002   -0.002  0.013   -0.004  0.010   -0.004  -0.000  0.002   0.201   0.385   0.387   0.075   0.002   0.000   -0.002  -0.010  0.004   -0.003  0.003   0.007   0.004   -0.001  0.003   0.002   -0.002 
0.002   0.005   0.007   0.002   -0.004  0.001   -0.011  0.093   0.369   0.385   0.388   0.084   0.009   0.002   -0.004  -0.004  0.007   -0.018  0.002   0.000   0.000   -0.001  0.001   0.005   0.003  
-0.004  0.002   0.000   0.006   0.054   -0.001  -0.011  0.185   0.388   0.388   0.335   0.058   -0.006  -0.001  0.006   -0.004  -0.001  -0.009  -0.001  -0.001  0.001   0.004   -0.005  0.000   0.000  
-0.005  -0.009  -0.002  0.003   0.002   0.002   0.004   0.188   0.387   0.316   0.020   -0.000  -0.001  0.002   0.000   0.007   -0.001  -0.001  -0.003  0.010   -0.001  -0.004  -0.000  -0.002  0.002  
# New slice
-0.000  -0.000  -0.000  -0.000  -0.000  -0.000  -0.000  -0.000  -0.000  -0.000  -0.000  -0.000  -0.000  -0.000  -0.000  -0.000  -0.000  -0.000  -0.000  -0.000  -0.000  -0.000  -0.000  -0.000  -0.000 
-0.000  -0.000  -0.000  -0.000  -0.000  -0.000  -0.000  -0.000  -0.000  -0.000  -0.000  -0.000  -0.000  -0.000  -0.000  -0.000  -0.000  -0.000  -0.000  -0.000  -0.000  -0.000  -0.000  -0.000  -0.000 
-0.000  -0.000  -0.000  -0.000  -0.000  -0.000  -0.000  -0.000  -0.000  -0.000  -0.000  -0.000  -0.000  -0.000  -0.000  -0.000  -0.000  -0.000  -0.000  -0.000  -0.000  -0.000  -0.000  -0.000  -0.000 
-0.000  -0.000  -0.000  -0.000  -0.000  -0.000  -0.000  -0.000  -0.000  -0.000  -0.000  -0.000  -0.000  -0.000  -0.000  -0.000  -0.000  -0.000  -0.000  -0.000  -0.000  -0.000  -0.000  -0.000  -0.000 
-0.000  -0.000  -0.000  -0.000  -0.000  -0.000  -0.000  -0.000  -0.000  -0.000  -0.000  -0.000  -0.000  -0.000  -0.000  -0.000  -0.000  -0.000  -0.000  -0.000  -0.000  -0.000  -0.000  -0.000  -0.000 
-0.000  -0.000  -0.000  -0.000  -0.000  -0.000  -0.000  -0.000  -0.000  -0.000  -0.000  -0.000  -0.000  -0.000  -0.000  -0.000  -0.000  -0.000  -0.000  -0.000  -0.000  -0.000  -0.000  -0.000  -0.000 
-0.000  -0.000  -0.000  -0.000  -0.000  -0.000  -0.000  -0.000  -0.000  -0.000  -0.000  -0.000  -0.000  -0.000  -0.000  -0.000  -0.000  -0.000  -0.000  -0.000  -0.000  -0.000  -0.000  -0.000  -0.000 
-0.000  -0.000  -0.000  -0.000  -0.000  -0.000  -0.000  -0.000  -0.000  -0.000  -0.000  -0.000  -0.000  -0.000  -0.000  -0.000  -0.000  -0.000  -0.000  -0.000  -0.000  -0.000  -0.000  -0.000  -0.000 
-0.000  -0.000  -0.000  -0.000  -0.000  -0.000  -0.000  -0.000  -0.000  -0.000  -0.000  -0.000  -0.000  -0.000  -0.000  -0.000  -0.000  -0.000  -0.000  -0.000  -0.000  -0.000  -0.000  -0.000  -0.000 
-0.000  -0.000  -0.000  -0.000  -0.000  -0.000  -0.000  -0.000  -0.000  -0.000  -0.000  -0.000  -0.000  -0.000  -0.000  -0.000  -0.000  -0.000  -0.000  -0.000  -0.000  -0.000  -0.000  -0.000  -0.000 
-0.000  -0.000  -0.000  -0.000  -0.000  -0.000  -0.000  -0.000  -0.000  -0.000  -0.000  -0.000  -0.000  -0.000  -0.000  -0.000  -0.000  -0.000  -0.000  -0.000  -0.000  -0.000  -0.000  -0.000  -0.000 
-0.000  -0.000  -0.000  -0.000  -0.000  -0.000  -0.000  -0.000  -0.000  -0.000  -0.000  -0.000  -0.000  -0.000  -0.000  -0.000  -0.000  -0.000  -0.000  -0.000  -0.000  -0.000  -0.000  -0.000  -0.000 
-0.000  -0.000  -0.000  -0.000  -0.000  -0.000  -0.000  -0.000  -0.000  -0.000  -0.000  -0.000  -0.000  -0.000  -0.000  -0.000  -0.000  -0.000  -0.000  -0.000  -0.000  -0.000  -0.000  -0.000  -0.000 
-0.000  -0.000  -0.000  -0.000  -0.000  -0.000  -0.000  -0.000  -0.000  -0.000  -0.000  -0.000  -0.000  -0.000  -0.000  -0.000  -0.000  -0.000  -0.000  -0.000  -0.000  -0.000  -0.000  -0.000  -0.000 
-0.000  -0.000  -0.000  -0.000  -0.000  -0.000  -0.000  -0.000  -0.000  -0.000  -0.000  -0.000  -0.000  -0.000  -0.000  -0.000  -0.000  -0.000  -0.000  -0.000  -0.000  -0.000  -0.000  -0.000  -0.000 
-0.000  -0.000  -0.000  -0.000  -0.000  -0.000  -0.000  -0.000  -0.000  -0.000  -0.000  -0.000  -0.000  -0.000  -0.000  -0.000  -0.000  -0.000  -0.000  -0.000  -0.000  -0.000  -0.000  -0.000  -0.000 
-0.000  -0.000  -0.000  -0.000  -0.000  -0.000  -0.000  -0.000  -0.000  -0.000  -0.000  -0.000  -0.000  -0.000  -0.000  -0.000  -0.000  -0.000  -0.000  -0.000  -0.000  -0.000  -0.000  -0.000  -0.000 
-0.000  -0.000  -0.000  -0.000  -0.000  -0.000  -0.000  -0.000  -0.000  -0.000  -0.000  -0.000  -0.000  -0.000  -0.000  -0.000  -0.000  -0.000  -0.000  -0.000  -0.000  -0.000  -0.000  -0.000  -0.000 
-0.000  -0.000  -0.000  -0.000  -0.000  -0.000  -0.000  -0.000  -0.000  -0.000  -0.000  -0.000  -0.000  -0.000  -0.000  -0.000  -0.000  -0.000  -0.000  -0.000  -0.000  -0.000  -0.000  -0.000  -0.000 
-0.000  -0.000  -0.000  -0.000  -0.000  -0.000  -0.000  -0.000  -0.000  -0.000  -0.000  -0.000  -0.000  -0.000  -0.000  -0.000  -0.000  -0.000  -0.000  -0.000  -0.000  -0.000  -0.000  -0.000  -0.000 
-0.000  -0.000  -0.000  -0.000  -0.000  -0.000  -0.000  -0.000  -0.000  -0.000  -0.000  -0.000  -0.000  -0.000  -0.000  -0.000  -0.000  -0.000  -0.000  -0.000  -0.000  -0.000  -0.000  -0.000  -0.000 
-0.000  -0.000  -0.000  -0.000  -0.000  -0.000  -0.000  -0.000  -0.000  -0.000  -0.000  -0.000  -0.000  -0.000  -0.000  -0.000  -0.000  -0.000  -0.000  -0.000  -0.000  -0.000  -0.000  -0.000  -0.000 
-0.000  -0.000  -0.000  -0.000  -0.000  -0.000  -0.000  -0.000  -0.000  -0.000  -0.000  -0.000  -0.000  -0.000  -0.000  -0.000  -0.000  -0.000  -0.000  -0.000  -0.000  -0.000  -0.000  -0.000  -0.000 
-0.000  -0.000  -0.000  -0.000  -0.000  -0.000  -0.000  -0.000  -0.000  -0.000  -0.000  -0.000  -0.000  -0.000  -0.000  -0.000  -0.000  -0.000  -0.000  -0.000  -0.000  -0.000  -0.000  -0.000  -0.000 
-0.000  -0.000  -0.000  -0.000  -0.000  -0.000  -0.000  -0.000  -0.000  -0.000  -0.000  -0.000  -0.000  -0.000  -0.000  -0.000  -0.000  -0.000  -0.000  -0.000  -0.000  -0.000  -0.000  -0.000  -0.000 
# New slice
-0.000  -0.000  -0.000  -0.000  -0.000  -0.000  -0.000  -0.000  -0.000  -0.000  -0.000  -0.000  -0.000  -0.000  -0.000  -0.000  -0.000  -0.000  -0.000  -0.000  -0.000  -0.000  -0.000  -0.000  -0.000 
-0.000  -0.000  -0.000  -0.000  -0.000  -0.000  -0.000  -0.000  -0.000  -0.000  -0.000  -0.000  -0.000  -0.000  -0.000  -0.000  -0.000  -0.000  -0.000  -0.000  -0.000  -0.000  -0.000  -0.000  -0.000 
-0.000  -0.000  -0.000  -0.000  -0.000  -0.000  -0.000  -0.000  -0.000  -0.000  -0.000  -0.000  -0.000  -0.000  -0.000  -0.000  -0.000  -0.000  -0.000  -0.000  -0.000  -0.000  -0.000  -0.000  -0.000 
-0.000  -0.000  -0.000  -0.000  -0.000  -0.000  -0.000  -0.000  -0.000  -0.000  -0.000  -0.000  -0.000  -0.000  -0.000  -0.000  -0.000  -0.000  -0.000  -0.000  -0.000  -0.000  -0.000  -0.000  -0.000 
-0.000  -0.000  -0.000  -0.000  -0.000  -0.000  -0.000  -0.000  -0.000  -0.000  -0.000  -0.000  -0.000  -0.000  -0.000  -0.000  -0.000  -0.000  -0.000  -0.000  -0.000  -0.000  -0.000  -0.000  -0.000 
-0.000  -0.000  -0.000  -0.000  -0.000  -0.000  -0.000  -0.000  -0.000  -0.000  -0.000  -0.000  -0.000  -0.000  -0.000  -0.000  -0.000  -0.000  -0.000  -0.000  -0.000  -0.000  -0.000  -0.000  -0.000 
-0.000  -0.000  -0.000  -0.000  -0.000  -0.000  -0.000  -0.000  -0.000  -0.000  -0.000  -0.000  -0.000  -0.000  -0.000  -0.000  -0.000  -0.000  -0.000  -0.000  -0.000  -0.000  -0.000  -0.000  -0.000 
-0.000  -0.000  -0.000  -0.000  -0.000  -0.000  -0.000  -0.000  -0.000  -0.000  -0.000  -0.000  -0.000  -0.000  -0.000  -0.000  -0.000  -0.000  -0.000  -0.000  -0.000  -0.000  -0.000  -0.000  -0.000 
-0.000  -0.000  -0.000  -0.000  -0.000  -0.000  -0.000  -0.000  -0.000  -0.000  -0.000  -0.000  -0.000  -0.000  -0.000  -0.000  -0.000  -0.000  -0.000  -0.000  -0.000  -0.000  -0.000  -0.000  -0.000 
-0.000  -0.000  -0.000  -0.000  -0.000  -0.000  -0.000  -0.000  -0.000  -0.000  -0.000  -0.000  -0.000  -0.000  -0.000  -0.000  -0.000  -0.000  -0.000  -0.000  -0.000  -0.000  -0.000  -0.000  -0.000 
-0.000  -0.000  -0.000  -0.000  -0.000  -0.000  -0.000  -0.000  -0.000  -0.000  -0.000  -0.000  -0.000  -0.000  -0.000  -0.000  -0.000  -0.000  -0.000  -0.000  -0.000  -0.000  -0.000  -0.000  -0.000 
-0.000  -0.000  -0.000  -0.000  -0.000  -0.000  -0.000  -0.000  -0.000  -0.000  -0.000  -0.000  -0.000  -0.000  -0.000  -0.000  -0.000  -0.000  -0.000  -0.000  -0.000  -0.000  -0.000  -0.000  -0.000 
-0.000  -0.000  -0.000  -0.000  -0.000  -0.000  -0.000  -0.000  -0.000  -0.000  -0.000  -0.000  -0.000  -0.000  -0.000  -0.000  -0.000  -0.000  -0.000  -0.000  -0.000  -0.000  -0.000  -0.000  -0.000 
-0.000  -0.000  -0.000  -0.000  -0.000  -0.000  -0.000  -0.000  -0.000  -0.000  -0.000  -0.000  -0.000  -0.000  -0.000  -0.000  -0.000  -0.000  -0.000  -0.000  -0.000  -0.000  -0.000  -0.000  -0.000 
-0.000  -0.000  -0.000  -0.000  -0.000  -0.000  -0.000  -0.000  -0.000  -0.000  -0.000  -0.000  -0.000  -0.000  -0.000  -0.000  -0.000  -0.000  -0.000  -0.000  -0.000  -0.000  -0.000  -0.000  -0.000 
-0.000  -0.000  -0.000  -0.000  -0.000  -0.000  -0.000  -0.000  -0.000  -0.000  -0.000  -0.000  -0.000  -0.000  -0.000  -0.000  -0.000  -0.000  -0.000  -0.000  -0.000  -0.000  -0.000  -0.000  -0.000 
-0.000  -0.000  -0.000  -0.000  -0.000  -0.000  -0.000  -0.000  -0.000  -0.000  -0.000  -0.000  -0.000  -0.000  -0.000  -0.000  -0.000  -0.000  -0.000  -0.000  -0.000  -0.000  -0.000  -0.000  -0.000 
-0.000  -0.000  -0.000  -0.000  -0.000  -0.000  -0.000  -0.000  -0.000  -0.000  -0.000  -0.000  -0.000  -0.000  -0.000  -0.000  -0.000  -0.000  -0.000  -0.000  -0.000  -0.000  -0.000  -0.000  -0.000 
-0.000  -0.000  -0.000  -0.000  -0.000  -0.000  -0.000  -0.000  -0.000  -0.000  -0.000  -0.000  -0.000  -0.000  -0.000  -0.000  -0.000  -0.000  -0.000  -0.000  -0.000  -0.000  -0.000  -0.000  -0.000 
-0.000  -0.000  -0.000  -0.000  -0.000  -0.000  -0.000  -0.000  -0.000  -0.000  -0.000  -0.000  -0.000  -0.000  -0.000  -0.000  -0.000  -0.000  -0.000  -0.000  -0.000  -0.000  -0.000  -0.000  -0.000 
-0.000  -0.000  -0.000  -0.000  -0.000  -0.000  -0.000  -0.000  -0.000  -0.000  -0.000  -0.000  -0.000  -0.000  -0.000  -0.000  -0.000  -0.000  -0.000  -0.000  -0.000  -0.000  -0.000  -0.000  -0.000 
-0.000  -0.000  -0.000  -0.000  -0.000  -0.000  -0.000  -0.000  -0.000  -0.000  -0.000  -0.000  -0.000  -0.000  -0.000  -0.000  -0.000  -0.000  -0.000  -0.000  -0.000  -0.000  -0.000  -0.000  -0.000 
-0.000  -0.000  -0.000  -0.000  -0.000  -0.000  -0.000  -0.000  -0.000  -0.000  -0.000  -0.000  -0.000  -0.000  -0.000  -0.000  -0.000  -0.000  -0.000  -0.000  -0.000  -0.000  -0.000  -0.000  -0.000 
-0.000  -0.000  -0.000  -0.000  -0.000  -0.000  -0.000  -0.000  -0.000  -0.000  -0.000  -0.000  -0.000  -0.000  -0.000  -0.000  -0.000  -0.000  -0.000  -0.000  -0.000  -0.000  -0.000  -0.000  -0.000 
-0.000  -0.000  -0.000  -0.000  -0.000  -0.000  -0.000  -0.000  -0.000  -0.000  -0.000  -0.000  -0.000  -0.000  -0.000  -0.000  -0.000  -0.000  -0.000  -0.000  -0.000  -0.000  -0.000  -0.000  -0.000 
# New slice
