# Array shape: (8, 8, 8)
0.140   -0.623  -0.622  -0.484  -0.416  -0.467  -0.553  -0.547 
-0.101  -0.858  -0.847  -0.909  -0.672  -0.288  -0.559  -0.869 
-0.873  -0.927  -0.773  -0.860  -0.870  -0.580  -0.917  -0.964 
-0.884  -0.734  -0.849  -0.827  -0.618  -0.051  -0.979  -0.998 
-0.405  -0.631  -0.876  -0.748  0.324   -0.346  -1.000  -0.998 
-0.202  -0.404  -0.408  0.635   0.791   -0.976  -1.000  -0.707 
-0.223  -0.288  0.280   0.822   -0.359  -1.000  -1.000  0.754  
-0.286  -0.182  0.616   0.438   -0.994  -0.996  -0.165  0.751  
# New slice
0.776   0.661   0.965   0.899   0.970   0.907   0.943   0.888  
-0.674  -0.571  -0.137  0.625   0.803   0.882   0.930   0.781  
-1.000  -0.999  -0.999  -1.000  -0.999  -0.979  -0.769  0.032  
-0.851  -0.979  -0.986  -0.988  -0.981  -0.992  -0.987  -0.865 
-0.164  -0.085  0.235   0.244   -0.794  -0.911  -0.780  -0.797 
-0.214  0.373   0.503   -0.295  -0.593  -0.520  -0.532  -0.880 
0.252   0.613   0.513   -0.310  -0.660  -0.431  -0.606  -0.802 
0.507   0.485   -0.497  -0.759  -0.704  -0.522  -0.701  -0.676 
# New slice
0.814   -0.049  -0.781  -0.913  -0.954  -0.994  -0.997  -0.982 
0.884   0.981   0.993   0.971   0.430   0.309   0.273   -0.527 
-0.180  0.230   0.203   -0.580  -0.622  -0.108  0.141   -0.869 
-0.462  -0.453  -0.965  -0.990  -0.892  -0.647  -0.750  -0.832 
-0.127  -0.638  -0.939  -0.965  -0.767  -0.774  -0.842  -0.631 
0.029   -0.552  -0.926  -0.746  -0.247  -0.855  -0.858  -0.598 
-0.631  -0.994  -0.732  0.065   -0.158  -0.904  -0.621  -0.364 
-0.643  -0.964  -0.711  -0.441  -0.954  -0.694  -0.317  -0.275 
# New slice
0.688   0.791   0.838   0.665   0.711   0.649   0.689   0.801  
0.351   -0.426  -0.004  0.234   0.388   0.167   0.313   0.265  
-0.917  -0.949  -0.926  -0.990  -0.994  -0.985  -0.928  -0.848 
-0.758  -0.397  -0.814  -0.928  -0.950  -0.556  -0.271  -0.643 
-0.026  -0.113  -0.539  -0.446  -0.043  0.369   -0.768  -0.607 
-0.064  -0.345  -0.838  -0.609  0.273   -0.219  -0.778  -0.165 
-0.250  -0.818  -0.724  0.169   0.269   -0.776  -0.231  -0.242 
-0.505  -0.693  -0.333  0.473   -0.579  -0.788  -0.309  -0.516 
# New slice
0.323   -0.297  -0.911  -0.822  -0.418  -0.436  -0.481  -0.531 
-0.928  -0.919  -0.974  -0.874  -0.958  -0.917  -0.968  -0.979 
-0.995  -0.978  -0.946  -0.999  -0.990  -0.987  -0.974  -0.883 
0.052   0.171   -0.002  -0.213  0.522   0.149   -0.600  -0.948 
0.031   0.322   0.336   0.541   0.256   -0.954  -0.994  -0.755 
0.051   0.058   -0.089  -0.335  -0.966  -0.975  -0.968  0.132  
0.002   0.149   -0.064  -0.393  -0.994  -0.941  -0.772  0.753  
-0.374  0.068   -0.378  -0.981  -0.995  -0.968  0.071   0.464  
# New slice
0.469   0.228   -0.745  -0.839  -0.661  -0.537  -0.470  -0.369 
0.512   -0.016  -0.543  -0.696  -0.861  -0.765  -0.372  -0.800 
0.758   0.469   0.033   -0.742  -0.901  -0.638  0.486   -0.969 
0.857   0.924   0.789   -0.053  -0.036  0.960   0.858   -0.990 
0.236   0.081   0.210   -0.302  0.846   0.946   0.355   -0.976 
0.067   -0.033  -0.682  0.172   0.896   0.951   -0.810  -0.984 
0.006   -0.523  -0.439  0.892   0.953   -0.012  -0.930  -0.930 
-0.091  -0.608  0.384   0.963   0.848   -0.967  -0.953  -0.904 
# New slice
0.253   0.691   0.955   0.971   0.988   0.954   0.999   0.949  
-0.979  -0.989  -0.984  -0.917  -0.752  -0.480  0.291   0.747  
-0.950  -0.985  -0.944  -0.797  -0.937  -0.903  -0.616  0.227  
-0.605  -0.772  -0.406  -0.364  -0.753  -0.689  -0.644  -0.159 
-0.278  -0.635  -0.090  -0.642  -0.549  -0.777  -0.890  0.135  
0.196   0.215   0.373   0.162   -0.264  -0.811  -0.691  0.741  
0.110   0.438   -0.136  -0.442  -0.801  -0.861  -0.036  0.824  
0.386   0.148   -0.202  -0.581  -0.919  -0.535  0.611   0.790  
# New slice
0.130   -0.657  -0.816  -0.834  -0.917  -0.904  -0.425  -0.799 
-0.246  -0.820  -0.710  -0.847  -0.990  -0.810  0.086   -0.957 
-0.742  -0.779  -0.917  -0.944  -0.947  0.000   0.118   -0.989 
-0.643  -0.460  -0.856  -0.946  -0.534  0.612   -0.803  -0.995 
-0.148  -0.345  -0.785  -0.600  0.656   0.664   -0.993  -1.000 
-0.388  -0.731  -0.872  0.279   0.880   -0.920  -1.000  -0.984 
-0.556  -0.960  -0.171  0.725   -0.323  -0.995  -0.992  -0.403 
-0.875  -0.905  0.591   0.776   -0.957  -1.000  -0.937  0.011  
# New slice
