# Array shape: (8, 25, 25)
0.000   0.000   0.000   0.000   0.000   0.000   0.000   0.000   0.000   0.000   0.000   0.000   0.000   0.000   0.000   0.000   0.000   0.000   0.000   0.000   0.000   0.000   0.000   0.000   0.000  
0.000   0.000   0.000   0.000   0.000   0.000   0.000   0.000   0.000   0.000   0.000   0.000   0.000   0.000   0.000   0.000   0.000   0.000   0.000   0.000   0.000   0.000   0.000   0.000   0.000  
0.000   0.000   0.000   0.000   0.000   0.000   0.000   0.000   0.000   0.000   0.000   0.000   0.000   0.000   0.000   0.000   0.000   0.000   0.000   0.000   0.000   0.000   0.000   0.000   0.000  
0.000   0.000   0.000   0.000   0.000   0.000   0.000   0.000   0.000   0.000   0.000   0.000   0.000   0.000   0.000   0.000   0.000   0.000   0.000   0.000   0.000   0.000   0.000   0.000   0.000  
0.000   0.000   0.000   0.001   0.162   0.343   0.299   0.284   0.116   0.069   0.000   -0.000  0.000   0.000   0.000   0.000   0.000   0.000   0.000   0.000   0.000   0.000   0.000   0.000   0.000  
0.000   0.000   0.000   0.002   0.405   0.457   0.456   0.456   0.456   0.435   0.366   0.366   0.366   0.366   0.366   0.366   0.366   0.365   0.317   0.100   -0.000  -0.000  0.000   0.000   0.000  
0.000   0.000   0.000   0.001   0.131   0.219   0.141   0.219   0.307   0.414   0.456   0.411   0.456   0.456   0.456   0.450   0.417   0.456   0.456   0.264   0.000   -0.000  0.000   0.000   0.000  
0.000   0.000   0.000   0.000   0.002   0.002   0.001   0.001   0.001   0.034   0.128   0.029   0.131   0.131   0.131   0.115   0.044   0.429   0.456   0.202   -0.000  -0.000  0.000   0.000   0.000  
0.000   0.000   0.000   0.000   0.001   0.000   -0.001  -0.000  -0.000  -0.000  0.000   -0.000  0.000   0.000   0.000   0.001   0.161   0.455   0.384   0.035   -0.001  -0.000  0.000   0.000   0.000  
0.000   0.000   0.000   0.000   0.000   0.000   -0.000  -0.000  -0.000  -0.000  -0.000  -0.001  -0.001  -0.001  -0.001  0.043   0.423   0.457   0.160   -0.001  -0.002  -0.001  0.000   0.000   0.000  
0.000   0.000   0.000   0.000   0.000   0.000   0.000   0.000   0.000   0.000   0.000   -0.000  -0.000  -0.000  0.001   0.246   0.457   0.432   0.085   -0.002  -0.001  -0.000  0.000   0.000   0.000  
0.000   0.000   0.000   0.000   0.000   0.000   0.000   0.000   0.000   0.000   0.000   0.000   0.000   0.000   0.115   0.449   0.457   0.121   -0.000  -0.002  -0.001  -0.000  0.000   0.000   0.000  
0.000   0.000   0.000   0.000   0.000   0.000   0.000   0.000   0.000   0.000   0.000   0.000   0.000   0.001   0.253   0.457   0.348   0.010   -0.002  -0.001  -0.000  0.000   0.000   0.000   0.000  
0.000   0.000   0.000   0.000   0.000   0.000   0.000   0.000   0.000   0.000   0.000   0.000   0.000   0.019   0.379   0.447   0.113   -0.001  -0.002  -0.001  -0.000  0.000   0.000   0.000   0.000  
0.000   0.000   0.000   0.000   0.000   0.000   0.000   0.000   0.000   0.000   0.000   0.000   0.001   0.240   0.457   0.340   0.000   -0.002  -0.001  -0.000  0.000   0.000   0.000   0.000   0.000  
0.000   0.000   0.000   0.000   0.000   0.000   0.000   0.000   0.000   0.000   0.000   0.001   0.146   0.452   0.435   0.111   -0.001  -0.002  -0.001  -0.000  0.000   0.000   0.000   0.000   0.000  
0.000   0.000   0.000   0.000   0.000   0.000   0.000   0.000   0.000   0.000   0.000   0.038   0.404   0.457   0.312   0.001   -0.002  -0.001  -0.000  0.000   0.000   0.000   0.000   0.000   0.000  
0.000   0.000   0.000   0.000   0.000   0.000   0.000   0.000   0.000   0.000   0.007   0.374   0.457   0.401   0.069   -0.001  -0.002  -0.001  0.000   0.000   0.000   0.000   0.000   0.000   0.000  
0.000   0.000   0.000   0.000   0.000   0.000   0.000   0.000   0.000   0.000   0.075   0.457   0.457   0.150   -0.000  -0.002  -0.001  -0.000  0.000   0.000   0.000   0.000   0.000   0.000   0.000  
0.000   0.000   0.000   0.000   0.000   0.000   0.000   0.000   0.000   0.062   0.409   0.457   0.221   0.003   -0.001  -0.001  -0.001  0.000   0.000   0.000   0.000   0.000   0.000   0.000   0.000  
0.000   0.000   0.000   0.000   0.000   0.000   0.000   0.000   0.001   0.253   0.457   0.457   0.101   -0.001  -0.002  -0.001  -0.000  0.000   0.000   0.000   0.000   0.000   0.000   0.000   0.000  
0.000   0.000   0.000   0.000   0.000   0.000   0.000   0.001   0.119   0.438   0.458   0.456   0.100   -0.002  -0.001  -0.000  0.000   0.000   0.000   0.000   0.000   0.000   0.000   0.000   0.000  
0.000   0.000   0.000   0.000   0.000   0.000   0.000   0.001   0.232   0.457   0.458   0.400   0.076   -0.001  -0.001  -0.000  0.000   0.000   0.000   0.000   0.000   0.000   0.000   0.000   0.000  
0.000   0.000   0.000   0.000   0.000   0.000   0.000   0.001   0.232   0.457   0.382   0.036   -0.001  -0.001  -0.000  0.000   0.000   0.000   0.000   0.000   0.000   0.000   0.000   0.000   0.000  
0.000   0.000   0.000   0.000   0.000   0.000   0.000   0.000   0.002   0.003   0.002   -0.001  -0.002  -0.001  -0.000  0.000   0.000   0.000   0.000   0.000   0.000   0.000   0.000   0.000   0.000  
# New slice
0.000   0.000   0.000   0.000   0.000   0.000   0.000   0.000   0.000   0.000   0.000   0.000   0.000   0.000   0.000   0.000   0.000   0.000   0.000   0.000   0.000   0.000   0.000   0.000   0.000  
0.000   0.000   0.000   0.000   0.000   0.000   0.000   0.000   0.000   0.000   0.000   0.000   0.000   0.000   0.000   0.000   0.000   0.000   0.000   0.000   0.000   0.000   0.000   0.000   0.000  
0.000   0.000   0.000   0.000   0.000   0.000   0.000   0.000   0.000   0.000   0.000   0.000   0.000   0.000   0.000   0.000   0.000   0.000   0.000   0.000   0.000   0.000   0.000   0.000   0.000  
0.000   0.000   0.000   0.000   0.000   0.000   0.000   0.000   0.000   0.000   0.000   0.000   0.000   0.000   0.000   0.000   0.000   0.000   0.000   0.000   0.000   0.000   0.000   0.000   0.000  
0.000   0.000   0.000   0.000   0.001   0.002   0.002   0.003   0.002   0.001   0.000   0.000   0.000   0.000   0.000   0.000   0.000   0.000   0.000   0.000   0.000   0.000   0.000   0.000   0.000  
0.000   0.000   0.000   0.000   0.002   0.005   0.008   0.008   0.007   0.006   0.005   0.004   0.003   0.003   0.003   0.003   0.003   0.003   0.003   0.002   0.001   0.000   0.000   0.000   0.000  
0.000   0.000   0.000   0.000   0.047   0.103   0.092   0.088   0.041   0.028   0.009   0.009   0.009   0.009   0.009   0.009   0.009   0.009   0.008   0.007   0.004   0.001   0.000   0.000   0.000  
0.000   0.000   0.000   0.001   0.118   0.139   0.139   0.139   0.139   0.132   0.111   0.111   0.112   0.112   0.112   0.112   0.112   0.113   0.099   0.036   0.005   0.001   0.000   0.000   0.000  
0.000   0.000   0.000   0.001   0.038   0.064   0.043   0.064   0.090   0.124   0.138   0.124   0.138   0.139   0.139   0.137   0.127   0.142   0.144   0.083   0.005   0.000   0.000   0.000   0.000  
0.000   0.000   0.000   0.000   0.001   0.001   0.001   0.002   0.002   0.012   0.038   0.012   0.039   0.040   0.040   0.036   0.018   0.133   0.145   0.065   0.003   -0.000  0.000   0.000   0.000  
0.000   0.000   0.000   0.000   0.000   0.000   0.000   0.000   0.000   0.000   0.001   0.000   0.001   0.001   0.001   0.002   0.049   0.143   0.121   0.016   0.001   0.000   0.000   0.000   0.000  
0.000   0.000   0.000   0.000   0.000   0.000   0.000   0.000   0.000   0.000   0.000   0.000   0.000   0.000   0.001   0.015   0.130   0.146   0.054   0.003   0.000   0.000   0.000   0.000   0.000  
0.000   0.000   0.000   0.000   0.000   0.000   0.000   0.000   0.000   0.000   0.000   0.000   0.000   0.000   0.002   0.074   0.144   0.136   0.029   0.001   -0.000  0.000   0.000   0.000   0.000  
0.000   0.000   0.000   0.000   0.000   0.000   0.000   0.000   0.000   0.000   0.000   0.000   0.000   0.000   0.034   0.138   0.145   0.042   0.003   0.000   0.000   0.000   0.000   0.000   0.000  
0.000   0.000   0.000   0.000   0.000   0.000   0.000   0.000   0.000   0.000   0.000   0.000   0.000   0.002   0.075   0.144   0.109   0.008   0.000   0.000   0.000   0.000   0.000   0.000   0.000  
0.000   0.000   0.000   0.000   0.000   0.000   0.000   0.000   0.000   0.000   0.000   0.000   0.001   0.009   0.116   0.141   0.039   0.002   0.000   0.000   0.000   0.000   0.000   0.000   0.000  
0.000   0.000   0.000   0.000   0.000   0.000   0.000   0.000   0.000   0.000   0.000   0.000   0.003   0.073   0.144   0.106   0.005   0.000   0.000   0.000   0.000   0.000   0.000   0.000   0.000  
0.000   0.000   0.000   0.000   0.000   0.000   0.000   0.000   0.000   0.000   0.000   0.002   0.045   0.141   0.138   0.038   0.002   -0.000  0.000   0.000   0.000   0.000   0.000   0.000   0.000  
0.000   0.000   0.000   0.000   0.000   0.000   0.000   0.000   0.000   0.000   0.001   0.014   0.124   0.146   0.097   0.004   0.000   0.000   0.000   0.000   0.000   0.000   0.000   0.000   0.000  
0.000   0.000   0.000   0.000   0.000   0.000   0.000   0.000   0.000   0.000   0.004   0.112   0.145   0.126   0.025   0.001   0.000   0.000   0.000   0.000   0.000   0.000   0.000   0.000   0.000  
0.000   0.000   0.000   0.000   0.000   0.000   0.000   0.000   0.000   0.001   0.026   0.143   0.145   0.049   0.002   0.000   0.000   0.000   0.000   0.000   0.000   0.000   0.000   0.000   0.000  
0.000   0.000   0.000   0.000   0.000   0.000   0.000   0.000   0.001   0.020   0.125   0.146   0.072   0.006   0.001   0.000   0.000   0.000   0.000   0.000   0.000   0.000   0.000   0.000   0.000  
0.000   0.000   0.000   0.000   0.000   0.000   0.000   0.000   0.002   0.076   0.145   0.147   0.038   0.004   0.000   0.000   0.000   0.000   0.000   0.000   0.000   0.000   0.000   0.000   0.000  
0.000   0.000   0.000   0.000   0.000   0.000   0.000   0.000   0.035   0.134   0.146   0.145   0.035   0.002   0.000   0.000   0.000   0.000   0.000   0.000   0.000   0.000   0.000   0.000   0.000  
0.000   0.000   0.000   0.000   0.000   0.000   0.000   0.001   0.066   0.140   0.143   0.123   0.025   0.000   -0.000  0.000   0.000   0.000   0.000   0.000   0.000   0.000   0.000   0.000   0.000  
# New slice
0.000   0.000   0.000   0.000   0.000   0.000   0.000   0.000   0.000   0.000   0.000   0.000   0.000   0.000   0.000   0.000   0.000   0.000   0.000   0.000   0.000   0.000   0.000   0.000   0.000  
0.000   0.000   0.000   0.000   0.000   0.000   0.000   0.000   0.000   0.000   0.000   0.000   0.000   0.000   0.000   0.000   0.000   0.000   0.000   0.000   0.000   0.000   0.000   0.000   0.000  
0.000   0.000   0.000   0.000   0.000   0.000   0.000   0.000   0.000   0.000   0.000   0.000   0.000   0.000   0.000   0.000   0.000   0.000   0.000   0.000   0.000   0.000   0.000   0.000   0.000  
0.000   0.000   0.000   0.000   0.000   0.000   0.000   0.000   0.000   0.000   0.000   0.000   0.000   0.000   0.000   0.000   0.000   0.000   0.000   0.000   0.000   0.000   0.000   0.000   0.000  
0.000   0.000   0.000   0.000   0.001   0.001   0.002   0.001   0.001   0.000   0.000   0.000   0.000   0.000   0.000   0.000   0.000   0.000   0.000   0.000   0.000   0.000   0.000   0.000   0.000  
0.000   0.000   0.000   0.119   0.366   0.457   0.418   0.295   0.139   0.054   0.002   0.002   0.002   0.002   0.002   0.002   0.002   0.002   0.002   0.001   0.000   0.000   0.000   0.000   0.000  
0.000   0.000   0.000   0.305   0.591   0.620   0.620   0.620   0.609   0.557   0.513   0.513   0.513   0.513   0.513   0.513   0.513   0.483   0.310   0.077   0.001   -0.000  0.000   0.000   0.000  
0.000   0.000   0.000   0.095   0.252   0.258   0.257   0.373   0.503   0.594   0.593   0.593   0.619   0.620   0.616   0.593   0.597   0.620   0.511   0.199   0.000   -0.000  0.000   0.000   0.000  
0.000   0.000   0.000   0.000   -0.000  -0.002  -0.003  -0.002  0.022   0.115   0.111   0.112   0.186   0.186   0.175   0.111   0.347   0.602   0.473   0.150   -0.001  -0.000  0.000   0.000   0.000  
0.000   0.000   0.000   0.000   -0.000  -0.001  -0.001  -0.001  -0.001  -0.001  -0.002  -0.002  -0.002  -0.002  -0.003  0.115   0.444   0.578   0.313   0.023   -0.002  -0.000  0.000   0.000   0.000  
0.000   0.000   0.000   0.000   0.000   0.000   0.000   0.000   0.000   -0.000  -0.000  -0.000  -0.000  -0.001  0.031   0.347   0.603   0.450   0.117   -0.003  -0.001  -0.000  0.000   0.000   0.000  
0.000   0.000   0.000   0.000   0.000   0.000   0.000   0.000   0.000   0.000   0.000   0.000   0.000   0.000   0.181   0.498   0.607   0.383   0.060   -0.002  -0.001  -0.000  0.000   0.000   0.000  
0.000   0.000   0.000   0.000   0.000   0.000   0.000   0.000   0.000   0.000   0.000   0.000   0.000   0.083   0.412   0.616   0.425   0.087   -0.003  -0.001  -0.000  0.000   0.000   0.000   0.000  
0.000   0.000   0.000   0.000   0.000   0.000   0.000   0.000   0.000   0.000   0.000   0.000   0.000   0.186   0.502   0.559   0.268   0.004   -0.002  -0.001  -0.000  0.000   0.000   0.000   0.000  
0.000   0.000   0.000   0.000   0.000   0.000   0.000   0.000   0.000   0.000   0.000   0.000   0.013   0.295   0.570   0.413   0.081   -0.003  -0.001  -0.000  0.000   0.000   0.000   0.000   0.000  
0.000   0.000   0.000   0.000   0.000   0.000   0.000   0.000   0.000   0.000   0.000   0.000   0.177   0.495   0.554   0.255   -0.003  -0.002  -0.000  -0.000  0.000   0.000   0.000   0.000   0.000  
0.000   0.000   0.000   0.000   0.000   0.000   0.000   0.000   0.000   0.000   0.000   0.106   0.434   0.606   0.402   0.080   -0.003  -0.001  -0.000  0.000   0.000   0.000   0.000   0.000   0.000  
0.000   0.000   0.000   0.000   0.000   0.000   0.000   0.000   0.000   0.000   0.027   0.329   0.591   0.538   0.233   -0.003  -0.002  -0.000  0.000   0.000   0.000   0.000   0.000   0.000   0.000  
0.000   0.000   0.000   0.000   0.000   0.000   0.000   0.000   0.000   0.004   0.284   0.574   0.590   0.349   0.047   -0.003  -0.001  -0.000  0.000   0.000   0.000   0.000   0.000   0.000   0.000  
0.000   0.000   0.000   0.000   0.000   0.000   0.000   0.000   0.000   0.054   0.393   0.621   0.442   0.108   -0.003  -0.002  -0.000  0.000   0.000   0.000   0.000   0.000   0.000   0.000   0.000  
0.000   0.000   0.000   0.000   0.000   0.000   0.000   0.000   0.044   0.347   0.594   0.485   0.164   -0.002  -0.002  -0.001  -0.000  0.000   0.000   0.000   0.000   0.000   0.000   0.000   0.000  
0.000   0.000   0.000   0.000   0.000   0.000   0.000   0.000   0.187   0.502   0.621   0.413   0.073   -0.002  -0.001  -0.000  0.000   0.000   0.000   0.000   0.000   0.000   0.000   0.000   0.000  
0.000   0.000   0.000   0.000   0.000   0.000   0.000   0.086   0.406   0.610   0.621   0.411   0.073   -0.001  -0.000  -0.000  0.000   0.000   0.000   0.000   0.000   0.000   0.000   0.000   0.000  
0.000   0.000   0.000   0.000   0.000   0.000   0.000   0.170   0.489   0.620   0.588   0.353   0.055   -0.001  -0.000  0.000   0.000   0.000   0.000   0.000   0.000   0.000   0.000   0.000   0.000  
0.000   0.000   0.000   0.000   0.000   0.000   0.000   0.170   0.488   0.576   0.310   0.022   -0.003  -0.001  -0.000  0.000   0.000   0.000   0.000   0.000   0.000   0.000   0.000   0.000   0.000  
# New slice
0.000   0.000   0.000   0.000   0.000   0.000   0.000   0.000   0.000   0.000   0.000   0.000   0.000   0.000   0.000   0.000   0.000   0.000   0.000   0.000   0.000   0.000   0.000   0.000   0.000  
0.000   0.000   0.000   0.000   0.000   0.000   0.000   0.000   0.000   0.000   0.000   0.000   0.000   0.000   0.000   0.000   0.000   0.000   0.000   0.000   0.000   0.000   0.000   0.000   0.000  
0.000   0.000   0.000   0.000   0.000   0.000   0.000   0.000   0.000   0.000   0.000   0.000   0.000   0.000   0.000   0.000   0.000   0.000   0.000   0.000   0.000   0.000   0.000   0.000   0.000  
0.000   0.000   0.000   0.000   0.000   0.000   0.000   0.000   0.000   0.000   0.000   0.000   0.000   0.000   0.000   0.000   0.000   0.000   0.000   0.000   0.000   0.000   0.000   0.000   0.000  
0.000   0.000   0.000   -0.000  -0.000  -0.001  -0.001  -0.001  -0.001  -0.000  -0.000  -0.000  0.000   0.000   0.000   0.000   0.000   0.000   0.000   0.000   0.000   0.000   0.000   0.000   0.000  
0.000   0.000   0.000   -0.000  -0.001  -0.002  -0.003  -0.003  -0.003  -0.002  -0.002  -0.001  -0.001  -0.001  -0.001  -0.001  -0.001  -0.001  -0.001  -0.001  -0.000  -0.000  0.000   0.000   0.000  
0.000   0.000   0.000   -0.001  -0.001  -0.001  -0.002  -0.002  -0.003  -0.003  -0.004  -0.004  -0.004  -0.004  -0.004  -0.004  -0.004  -0.003  -0.003  -0.002  -0.001  -0.000  0.000   0.000   0.000  
0.000   0.000   0.000   -0.000  0.000   0.000   0.000   0.001   0.000   0.000   -0.001  -0.001  -0.001  -0.001  -0.002  -0.001  -0.002  -0.002  -0.002  -0.002  -0.001  -0.000  0.000   0.000   0.000  
0.000   0.000   0.000   -0.001  -0.000  -0.001  -0.000  0.000   0.000   0.001   0.001   0.001   0.001   0.001   0.001   0.001   -0.000  -0.000  -0.001  -0.001  -0.000  0.000   0.000   0.000   0.000  
0.000   0.000   0.000   -0.000  -0.000  -0.000  -0.001  -0.000  -0.001  -0.001  -0.001  -0.001  -0.000  -0.001  -0.000  -0.001  -0.002  -0.002  -0.002  -0.001  0.000   0.001   0.000   0.000   0.000  
0.000   0.000   0.000   0.000   0.000   0.000   0.000   0.000   -0.000  -0.000  -0.000  -0.000  -0.000  -0.000  -0.000  -0.001  -0.002  -0.002  -0.002  -0.001  0.001   0.000   0.000   0.000   0.000  
0.000   0.000   0.000   0.000   0.000   0.000   0.000   0.000   0.000   0.000   0.000   0.000   0.000   -0.000  -0.001  -0.001  -0.002  -0.002  -0.002  -0.000  0.001   0.000   0.000   0.000   0.000  
0.000   0.000   0.000   0.000   0.000   0.000   0.000   0.000   0.000   0.000   0.000   0.000   0.000   -0.000  -0.001  -0.002  -0.002  -0.002  -0.000  0.001   0.000   0.000   0.000   0.000   0.000  
0.000   0.000   0.000   0.000   0.000   0.000   0.000   0.000   0.000   0.000   0.000   0.000   -0.000  -0.001  -0.001  -0.002  -0.002  -0.001  -0.000  0.001   0.000   0.000   0.000   0.000   0.000  
0.000   0.000   0.000   0.000   0.000   0.000   0.000   0.000   0.000   0.000   0.000   0.000   -0.000  -0.001  -0.002  -0.002  -0.002  -0.001  0.001   0.000   0.000   0.000   0.000   0.000   0.000  
0.000   0.000   0.000   0.000   0.000   0.000   0.000   0.000   0.000   0.000   0.000   -0.000  -0.001  -0.002  -0.002  -0.002  -0.001  0.000   0.001   0.000   0.000   0.000   0.000   0.000   0.000  
0.000   0.000   0.000   0.000   0.000   0.000   0.000   0.000   0.000   0.000   -0.000  -0.000  -0.001  -0.002  -0.002  -0.002  -0.001  0.001   0.000   0.000   0.000   0.000   0.000   0.000   0.000  
0.000   0.000   0.000   0.000   0.000   0.000   0.000   0.000   0.000   -0.000  -0.000  -0.001  -0.002  -0.002  -0.002  -0.001  0.000   0.001   0.000   0.000   0.000   0.000   0.000   0.000   0.000  
0.000   0.000   0.000   0.000   0.000   0.000   0.000   0.000   0.000   -0.000  -0.001  -0.001  -0.002  -0.002  -0.001  -0.000  0.001   0.000   0.000   0.000   0.000   0.000   0.000   0.000   0.000  
0.000   0.000   0.000   0.000   0.000   0.000   0.000   0.000   -0.000  -0.000  -0.001  -0.002  -0.002  -0.002  -0.000  0.000   0.001   0.000   0.000   0.000   0.000   0.000   0.000   0.000   0.000  
0.000   0.000   0.000   0.000   0.000   0.000   0.000   0.000   -0.000  -0.001  -0.002  -0.002  -0.003  -0.001  0.000   0.001   0.000   0.000   0.000   0.000   0.000   0.000   0.000   0.000   0.000  
0.000   0.000   0.000   0.000   0.000   0.000   0.000   -0.000  -0.001  -0.001  -0.002  -0.002  -0.002  -0.001  0.000   0.000   0.000   0.000   0.000   0.000   0.000   0.000   0.000   0.000   0.000  
0.000   0.000   0.000   0.000   0.000   0.000   0.000   -0.000  -0.001  -0.002  -0.003  -0.003  -0.002  -0.000  0.000   0.000   0.000   0.000   0.000   0.000   0.000   0.000   0.000   0.000   0.000  
0.000   0.000   0.000   0.000   0.000   0.000   0.000   -0.000  -0.001  -0.002  -0.003  -0.002  -0.001  0.000   0.000   0.000   0.000   0.000   0.000   0.000   0.000   0.000   0.000   0.000   0.000  
0.000   0.000   0.000   0.000   0.000   0.000   0.000   -0.000  -0.001  -0.001  -0.001  -0.000  -0.000  0.001   0.000   0.000   0.000   0.000   0.000   0.000   0.000   0.000   0.000   0.000   0.000  
# New slice
0.000   0.000   0.000   0.000   0.000   0.000   0.000   0.000   0.000   0.000   0.000   0.000   0.000   0.000   0.000   0.000   0.000   0.000   0.000   0.000   0.000   0.000   0.000   0.000   0.000  
0.000   0.000   0.000   0.000   0.000   0.000   0.000   0.000   0.000   0.000   0.000   0.000   0.000   0.000   0.000   0.000   0.000   0.000   0.000   0.000   0.000   0.000   0.000   0.000   0.000  
0.000   0.000   0.000   0.000   0.000   0.000   0.000   0.000   0.000   0.000   0.000   0.000   0.000   0.000   0.000   0.000   0.000   0.000   0.000   0.000   0.000   0.000   0.000   0.000   0.000  
0.000   0.000   0.000   0.000   0.000   0.000   0.000   0.000   0.000   0.000   0.000   0.000   0.000   0.000   0.000   0.000   0.000   0.000   0.000   0.000   0.000   0.000   0.000   0.000   0.000  
0.000   0.000   0.000   -0.000  -0.000  0.000   0.002   0.002   0.002   0.001   0.001   0.000   0.000   0.000   0.000   0.000   0.000   0.000   0.000   0.000   0.000   0.000   0.000   0.000   0.000  
0.000   0.000   0.000   -0.001  -0.001  0.002   0.004   0.006   0.005   0.005   0.004   0.003   0.002   0.002   0.002   0.002   0.002   0.002   0.003   0.002   0.001   0.000   0.000   0.000   0.000  
0.000   0.000   0.000   -0.001  -0.000  0.198   0.415   0.364   0.347   0.147   0.091   0.006   0.006   0.006   0.006   0.006   0.006   0.006   0.007   0.007   0.004   0.001   0.000   0.000   0.000  
0.000   0.000   0.000   -0.001  0.002   0.483   0.541   0.542   0.541   0.541   0.519   0.441   0.441   0.441   0.441   0.442   0.441   0.441   0.443   0.389   0.129   0.002   0.000   0.000   0.000  
0.000   0.000   0.000   -0.001  0.002   0.161   0.267   0.174   0.268   0.372   0.494   0.541   0.491   0.541   0.542   0.541   0.534   0.499   0.544   0.545   0.325   0.003   0.000   0.000   0.000  
0.000   0.000   0.000   -0.000  0.000   0.001   0.001   0.001   0.002   0.003   0.044   0.158   0.038   0.161   0.161   0.161   0.141   0.058   0.514   0.545   0.251   0.002   0.000   0.000   0.000  
0.000   0.000   0.000   0.000   0.000   0.000   0.000   0.000   -0.000  -0.000  0.001   0.000   0.001   0.001   0.001   -0.000  0.001   0.201   0.544   0.464   0.047   0.000   0.000   0.000   0.000  
0.000   0.000   0.000   0.000   0.000   0.000   0.000   0.000   0.000   0.000   0.000   0.000   0.000   -0.000  -0.001  -0.001  0.057   0.508   0.546   0.200   0.002   0.000   0.000   0.000   0.000  
0.000   0.000   0.000   0.000   0.000   0.000   0.000   0.000   0.000   0.000   0.000   0.000   0.000   -0.001  -0.002  0.001   0.303   0.546   0.515   0.107   0.001   0.000   0.000   0.000   0.000  
0.000   0.000   0.000   0.000   0.000   0.000   0.000   0.000   0.000   0.000   0.000   0.000   -0.000  -0.001  -0.001  0.143   0.536   0.544   0.152   0.002   0.000   0.000   0.000   0.000   0.000  
0.000   0.000   0.000   0.000   0.000   0.000   0.000   0.000   0.000   0.000   0.000   0.000   -0.000  -0.002  0.001   0.311   0.545   0.421   0.015   0.000   0.000   0.000   0.000   0.000   0.000  
0.000   0.000   0.000   0.000   0.000   0.000   0.000   0.000   0.000   0.000   0.000   -0.000  -0.001  -0.001  0.026   0.458   0.534   0.142   0.001   0.000   0.000   0.000   0.000   0.000   0.000  
0.000   0.000   0.000   0.000   0.000   0.000   0.000   0.000   0.000   0.000   -0.000  -0.001  -0.001  0.002   0.297   0.545   0.411   0.003   0.000   0.000   0.000   0.000   0.000   0.000   0.000  
0.000   0.000   0.000   0.000   0.000   0.000   0.000   0.000   0.000   -0.000  -0.001  -0.001  0.001   0.182   0.540   0.520   0.139   0.001   0.000   0.000   0.000   0.000   0.000   0.000   0.000  
0.000   0.000   0.000   0.000   0.000   0.000   0.000   0.000   0.000   -0.000  -0.001  -0.001  0.050   0.487   0.545   0.379   0.003   0.000   0.000   0.000   0.000   0.000   0.000   0.000   0.000  
0.000   0.000   0.000   0.000   0.000   0.000   0.000   0.000   -0.000  -0.001  -0.002  0.010   0.452   0.545   0.482   0.087   0.001   0.000   0.000   0.000   0.000   0.000   0.000   0.000   0.000  
0.000   0.000   0.000   0.000   0.000   0.000   0.000   0.000   -0.001  -0.001  -0.000  0.097   0.545   0.544   0.186   0.002   0.000   0.000   0.000   0.000   0.000   0.000   0.000   0.000   0.000  
0.000   0.000   0.000   0.000   0.000   0.000   0.000   -0.000  -0.001  -0.001  0.076   0.492   0.546   0.274   0.005   0.000   0.000   0.000   0.000   0.000   0.000   0.000   0.000   0.000   0.000  
0.000   0.000   0.000   0.000   0.000   0.000   0.000   -0.001  -0.002  0.001   0.310   0.546   0.545   0.130   0.001   0.000   0.000   0.000   0.000   0.000   0.000   0.000   0.000   0.000   0.000  
0.000   0.000   0.000   0.000   0.000   0.000   0.000   -0.001  -0.002  0.146   0.523   0.547   0.543   0.128   0.001   0.000   0.000   0.000   0.000   0.000   0.000   0.000   0.000   0.000   0.000  
0.000   0.000   0.000   0.000   0.000   0.000   0.000   -0.001  -0.000  0.281   0.543   0.545   0.480   0.097   0.000   0.000   0.000   0.000   0.000   0.000   0.000   0.000   0.000   0.000   0.000  
# New slice
0.000   0.000   0.000   0.000   0.000   0.000   0.000   0.000   0.000   0.000   0.000   0.000   0.000   0.000   0.000   0.000   0.000   0.000   0.000   0.000   0.000   0.000   0.000   0.000   0.000  
0.000   0.000   0.000   0.000   0.000   0.000   0.000   0.000   0.000   0.000   0.000   0.000   0.000   0.000   0.000   0.000   0.000   0.000   0.000   0.000   0.000   0.000   0.000   0.000   0.000  
0.000   0.000   0.000   0.000   0.000   0.000   0.000   0.000   0.000   0.000   0.000   0.000   0.000   0.000   0.000   0.000   0.000   0.000   0.000   0.000   0.000   0.000   0.000   0.000   0.000  
0.000   0.000   0.000   0.000   0.000   0.000   0.000   0.000   0.000   0.000   0.000   0.000   0.000   0.000   0.000   0.000   0.000   0.000   0.000   0.000   0.000   0.000   0.000   0.000   0.000  
0.000   0.000   0.000   0.000   0.001   0.001   0.001   0.000   -0.000  -0.000  -0.000  -0.000  0.000   0.000   0.000   0.000   0.000   0.000   0.000   0.000   0.000   0.000   0.000   0.000   0.000  
0.000   0.000   0.000   0.129   0.277   0.240   0.228   0.092   0.055   0.000   0.000   0.001   0.001   0.001   0.001   0.001   0.001   0.001   0.000   -0.001  -0.001  -0.000  0.000   0.000   0.000  
0.000   0.000   0.000   0.327   0.371   0.369   0.368   0.368   0.351   0.293   0.293   0.294   0.294   0.294   0.294   0.294   0.294   0.254   0.079   -0.001  -0.002  -0.001  0.000   0.000   0.000  
0.000   0.000   0.000   0.102   0.171   0.106   0.168   0.239   0.330   0.367   0.328   0.367   0.367   0.367   0.362   0.333   0.368   0.369   0.209   -0.003  -0.003  -0.001  0.000   0.000   0.000  
0.000   0.000   0.000   -0.000  -0.002  -0.003  -0.004  -0.004  0.022   0.096   0.017   0.097   0.097   0.097   0.085   0.027   0.342   0.367   0.157   -0.006  -0.004  -0.001  0.000   0.000   0.000  
0.000   0.000   0.000   -0.000  -0.001  -0.001  -0.001  -0.001  -0.002  -0.002  -0.003  -0.003  -0.003  -0.003  -0.003  0.124   0.368   0.307   0.022   -0.007  -0.003  -0.000  0.000   0.000   0.000  
0.000   0.000   0.000   0.000   0.000   0.000   0.000   0.000   -0.000  -0.000  -0.000  -0.000  -0.001  -0.001  0.033   0.342   0.372   0.124   -0.007  -0.005  -0.002  -0.000  0.000   0.000   0.000  
0.000   0.000   0.000   0.000   0.000   0.000   0.000   0.000   0.000   0.000   0.000   0.000   0.000   0.000   0.196   0.372   0.348   0.062   -0.007  -0.003  -0.001  -0.000  0.000   0.000   0.000  
0.000   0.000   0.000   0.000   0.000   0.000   0.000   0.000   0.000   0.000   0.000   0.000   0.000   0.090   0.364   0.371   0.091   -0.007  -0.005  -0.001  -0.000  0.000   0.000   0.000   0.000  
0.000   0.000   0.000   0.000   0.000   0.000   0.000   0.000   0.000   0.000   0.000   0.000   0.000   0.201   0.371   0.277   0.002   -0.007  -0.003  -0.000  -0.000  0.000   0.000   0.000   0.000  
0.000   0.000   0.000   0.000   0.000   0.000   0.000   0.000   0.000   0.000   0.000   0.000   0.014   0.305   0.363   0.085   -0.007  -0.005  -0.001  -0.000  0.000   0.000   0.000   0.000   0.000  
0.000   0.000   0.000   0.000   0.000   0.000   0.000   0.000   0.000   0.000   0.000   0.000   0.191   0.372   0.271   -0.005  -0.006  -0.003  -0.000  -0.000  0.000   0.000   0.000   0.000   0.000  
0.000   0.000   0.000   0.000   0.000   0.000   0.000   0.000   0.000   0.000   0.000   0.115   0.368   0.352   0.083   -0.007  -0.005  -0.001  -0.000  0.000   0.000   0.000   0.000   0.000   0.000  
0.000   0.000   0.000   0.000   0.000   0.000   0.000   0.000   0.000   0.000   0.030   0.327   0.371   0.246   -0.006  -0.006  -0.002  -0.000  0.000   0.000   0.000   0.000   0.000   0.000   0.000  
0.000   0.000   0.000   0.000   0.000   0.000   0.000   0.000   0.000   0.005   0.302   0.372   0.322   0.048   -0.007  -0.004  -0.001  -0.000  0.000   0.000   0.000   0.000   0.000   0.000   0.000  
0.000   0.000   0.000   0.000   0.000   0.000   0.000   0.000   0.000   0.059   0.371   0.370   0.113   -0.008  -0.005  -0.002  -0.000  0.000   0.000   0.000   0.000   0.000   0.000   0.000   0.000  
0.000   0.000   0.000   0.000   0.000   0.000   0.000   0.000   0.048   0.331   0.372   0.172   -0.005  -0.007  -0.003  -0.000  -0.000  0.000   0.000   0.000   0.000   0.000   0.000   0.000   0.000  
0.000   0.000   0.000   0.000   0.000   0.000   0.000   0.000   0.202   0.372   0.370   0.075   -0.007  -0.005  -0.001  -0.000  0.000   0.000   0.000   0.000   0.000   0.000   0.000   0.000   0.000  
0.000   0.000   0.000   0.000   0.000   0.000   0.000   0.093   0.355   0.371   0.368   0.074   -0.006  -0.003  -0.001  -0.000  0.000   0.000   0.000   0.000   0.000   0.000   0.000   0.000   0.000  
0.000   0.000   0.000   0.000   0.000   0.000   0.000   0.183   0.371   0.370   0.318   0.054   -0.006  -0.002  -0.000  0.000   0.000   0.000   0.000   0.000   0.000   0.000   0.000   0.000   0.000  
0.000   0.000   0.000   0.000   0.000   0.000   0.000   0.183   0.369   0.303   0.022   -0.007  -0.004  -0.001  -0.000  0.000   0.000   0.000   0.000   0.000   0.000   0.000   0.000   0.000   0.000  
# New slice
0.000   0.000   0.000   0.000   0.000   0.000   0.000   0.000   0.000   0.000   0.000   0.000   0.000   0.000   0.000   0.000   0.000   0.000   0.000   0.000   0.000   0.000   0.000   0.000   0.000  
0.000   0.000   0.000   0.000   0.000   0.000   0.000   0.000   0.000   0.000   0.000   0.000   0.000   0.000   0.000   0.000   0.000   0.000   0.000   0.000   0.000   0.000   0.000   0.000   0.000  
0.000   0.000   0.000   0.000   0.000   0.000   0.000   0.000   0.000   0.000   0.000   0.000   0.000   0.000   0.000   0.000   0.000   0.000   0.000   0.000   0.000   0.000   0.000   0.000   0.000  
0.000   0.000   0.000   0.000   0.000   0.000   0.000   0.000   0.000   0.000   0.000   0.000   0.000   0.000   0.000   0.000   0.000   0.000   0.000   0.000   0.000   0.000   0.000   0.000   0.000  
0.000   0.000   0.000   0.000   0.001   0.001   0.000   0.000   -0.000  0.000   -0.000  0.000   0.000   0.000   0.000   0.000   0.000   0.000   0.000   0.000   0.000   0.000   0.000   0.000   0.000  
0.000   0.000   0.000   0.001   0.001   0.000   0.001   0.001   0.002   0.001   0.001   0.001   0.001   0.001   0.001   0.001   0.001   0.001   0.000   -0.000  0.000   0.000   0.000   0.000   0.000  
0.000   0.000   0.000   0.001   0.000   0.001   0.002   0.002   0.003   0.002   0.002   0.002   0.002   0.002   0.002   0.002   0.002   0.002   0.001   0.001   0.000   0.000   0.000   0.000   0.000  
0.000   0.000   0.000   0.000   -0.000  -0.000  0.001   0.001   0.001   0.001   0.002   0.002   0.002   0.002   0.002   0.002   0.003   0.003   0.002   0.002   0.002   0.001   0.000   0.000   0.000  
0.000   0.000   0.000   -0.000  -0.001  -0.001  -0.001  -0.001  -0.001  -0.001  -0.001  0.000   -0.000  -0.000  0.000   0.000   0.001   0.001   -0.000  0.001   0.002   0.001   0.000   0.000   0.000  
0.000   0.000   0.000   -0.000  -0.000  -0.000  -0.001  -0.001  -0.001  -0.001  -0.002  -0.001  -0.001  -0.002  -0.001  -0.001  0.000   -0.002  -0.001  0.001   0.001   0.000   0.000   0.000   0.000  
0.000   0.000   0.000   0.000   0.000   0.000   0.000   0.000   -0.000  -0.000  -0.000  -0.000  -0.000  -0.000  -0.000  0.001   0.000   -0.001  0.000   0.001   0.000   -0.000  0.000   0.000   0.000  
0.000   0.000   0.000   0.000   0.000   0.000   0.000   0.000   0.000   0.000   0.000   0.000   0.000   0.000   0.001   0.001   -0.000  -0.001  0.001   0.001   0.000   -0.000  0.000   0.000   0.000  
0.000   0.000   0.000   0.000   0.000   0.000   0.000   0.000   0.000   0.000   0.000   0.000   0.000   0.000   0.001   0.000   -0.000  0.000   0.001   0.000   0.000   0.000   0.000   0.000   0.000  
0.000   0.000   0.000   0.000   0.000   0.000   0.000   0.000   0.000   0.000   0.000   0.000   0.000   0.001   0.001   -0.000  -0.001  0.001   0.001   -0.000  -0.000  0.000   0.000   0.000   0.000  
0.000   0.000   0.000   0.000   0.000   0.000   0.000   0.000   0.000   0.000   0.000   0.000   0.000   0.001   0.000   -0.001  0.000   0.001   0.000   -0.000  0.000   0.000   0.000   0.000   0.000  
0.000   0.000   0.000   0.000   0.000   0.000   0.000   0.000   0.000   0.000   0.000   0.000   0.001   0.001   -0.001  -0.001  0.001   0.001   -0.000  -0.000  0.000   0.000   0.000   0.000   0.000  
0.000   0.000   0.000   0.000   0.000   0.000   0.000   0.000   0.000   0.000   0.000   0.001   0.001   0.000   -0.000  0.001   0.001   0.000   -0.000  0.000   0.000   0.000   0.000   0.000   0.000  
0.000   0.000   0.000   0.000   0.000   0.000   0.000   0.000   0.000   0.000   0.001   0.001   0.000   -0.000  -0.000  0.001   0.001   -0.000  0.000   0.000   0.000   0.000   0.000   0.000   0.000  
0.000   0.000   0.000   0.000   0.000   0.000   0.000   0.000   0.000   0.000   0.001   0.001   -0.000  -0.000  0.001   0.001   0.000   -0.000  0.000   0.000   0.000   0.000   0.000   0.000   0.000  
0.000   0.000   0.000   0.000   0.000   0.000   0.000   0.000   0.000   0.001   0.002   -0.000  -0.000  0.001   0.001   0.000   -0.000  0.000   0.000   0.000   0.000   0.000   0.000   0.000   0.000  
0.000   0.000   0.000   0.000   0.000   0.000   0.000   0.000   0.000   0.001   0.001   -0.000  -0.000  0.001   0.000   -0.000  -0.000  0.000   0.000   0.000   0.000   0.000   0.000   0.000   0.000  
0.000   0.000   0.000   0.000   0.000   0.000   0.000   0.000   0.001   0.001   0.000   0.000   0.001   0.001   -0.000  -0.000  0.000   0.000   0.000   0.000   0.000   0.000   0.000   0.000   0.000  
0.000   0.000   0.000   0.000   0.000   0.000   0.000   0.000   0.001   0.001   0.000   0.000   0.001   0.001   0.000   -0.000  0.000   0.000   0.000   0.000   0.000   0.000   0.000   0.000   0.000  
0.000   0.000   0.000   0.000   0.000   0.000   0.000   0.001   0.001   0.000   0.000   0.000   0.002   0.001   0.000   0.000   0.000   0.000   0.000   0.000   0.000   0.000   0.000   0.000   0.000  
0.000   0.000   0.000   0.000   0.000   0.000   0.000   0.000   -0.000  -0.001  -0.000  0.001   0.001   0.000   0.000   0.000   0.000   0.000   0.000   0.000   0.000   0.000   0.000   0.000   0.000  
# New slice
0.000   0.000   0.000   0.000   0.000   0.000   0.000   0.000   0.000   0.000   0.000   0.000   0.000   0.000   0.000   0.000   0.000   0.000   0.000   0.000   0.000   0.000   0.000   0.000   0.000  
0.000   0.000   0.000   0.000   0.000   0.000   0.000   0.000   0.000   0.000   0.000   0.000   0.000   0.000   0.000   0.000   0.000   0.000   0.000   0.000   0.000   0.000   0.000   0.000   0.000  
0.000   0.000   0.000   0.000   0.000   0.000   0.000   0.000   0.000   0.000   0.000   0.000   0.000   0.000   0.000   0.000   0.000   0.000   0.000   0.000   0.000   0.000   0.000   0.000   0.000  
0.000   0.000   0.000   0.000   0.000   0.000   0.000   0.000   0.000   0.000   0.000   0.000   0.000   0.000   0.000   0.000   0.000   0.000   0.000   0.000   0.000   0.000   0.000   0.000   0.000  
0.000   0.000   0.000   0.000   0.001   0.002   0.003   0.004   0.003   0.002   0.001   0.000   0.000   0.000   0.000   0.000   0.000   0.000   0.000   0.000   0.000   0.000   0.000   0.000   0.000  
0.000   0.000   0.000   0.001   0.002   0.005   0.009   0.009   0.009   0.008   0.006   0.005   0.005   0.005   0.005   0.005   0.005   0.005   0.004   0.003   0.002   0.000   0.000   0.000   0.000  
0.000   0.000   0.000   0.001   0.003   0.007   0.011   0.011   0.010   0.010   0.010   0.010   0.010   0.010   0.010   0.010   0.010   0.010   0.009   0.008   0.005   0.001   0.000   0.000   0.000  
0.000   0.000   0.000   0.001   0.004   0.008   0.011   0.011   0.010   0.010   0.010   0.011   0.011   0.011   0.011   0.011   0.011   0.012   0.012   0.011   0.007   0.002   0.000   0.000   0.000  
0.000   0.000   0.000   0.001   0.003   0.006   0.007   0.007   0.008   0.009   0.010   0.010   0.010   0.011   0.011   0.011   0.012   0.014   0.015   0.014   0.007   0.002   0.000   0.000   0.000  
0.000   0.000   0.000   0.000   0.001   0.002   0.002   0.002   0.003   0.004   0.005   0.006   0.006   0.006   0.007   0.007   0.009   0.013   0.017   0.013   0.006   0.001   0.000   0.000   0.000  
0.000   0.000   0.000   0.000   0.000   0.000   0.000   0.000   0.000   0.000   0.001   0.001   0.001   0.001   0.002   0.003   0.007   0.014   0.016   0.011   0.003   0.000   0.000   0.000   0.000  
0.000   0.000   0.000   0.000   0.000   0.000   0.000   0.000   0.000   0.000   0.000   0.000   0.000   0.000   0.001   0.004   0.010   0.015   0.014   0.006   0.001   0.000   0.000   0.000   0.000  
0.000   0.000   0.000   0.000   0.000   0.000   0.000   0.000   0.000   0.000   0.000   0.000   0.000   0.000   0.002   0.007   0.014   0.016   0.010   0.003   0.000   0.000   0.000   0.000   0.000  
0.000   0.000   0.000   0.000   0.000   0.000   0.000   0.000   0.000   0.000   0.000   0.000   0.000   0.001   0.004   0.010   0.015   0.013   0.006   0.001   0.000   0.000   0.000   0.000   0.000  
0.000   0.000   0.000   0.000   0.000   0.000   0.000   0.000   0.000   0.000   0.000   0.000   0.000   0.002   0.007   0.013   0.015   0.009   0.002   0.000   0.000   0.000   0.000   0.000   0.000  
0.000   0.000   0.000   0.000   0.000   0.000   0.000   0.000   0.000   0.000   0.000   0.000   0.001   0.004   0.010   0.015   0.012   0.005   0.001   0.000   0.000   0.000   0.000   0.000   0.000  
0.000   0.000   0.000   0.000   0.000   0.000   0.000   0.000   0.000   0.000   0.000   0.001   0.003   0.008   0.014   0.015   0.008   0.002   0.000   0.000   0.000   0.000   0.000   0.000   0.000  
0.000   0.000   0.000   0.000   0.000   0.000   0.000   0.000   0.000   0.000   0.001   0.002   0.007   0.013   0.016   0.012   0.005   0.001   0.000   0.000   0.000   0.000   0.000   0.000   0.000  
0.000   0.000   0.000   0.000   0.000   0.000   0.000   0.000   0.000   0.000   0.001   0.004   0.011   0.016   0.014   0.007   0.002   0.000   0.000   0.000   0.000   0.000   0.000   0.000   0.000  
0.000   0.000   0.000   0.000   0.000   0.000   0.000   0.000   0.000   0.001   0.003   0.008   0.015   0.016   0.010   0.003   0.001   0.000   0.000   0.000   0.000   0.000   0.000   0.000   0.000  
0.000   0.000   0.000   0.000   0.000   0.000   0.000   0.000   0.000   0.002   0.006   0.013   0.017   0.013   0.005   0.001   0.000   0.000   0.000   0.000   0.000   0.000   0.000   0.000   0.000  
0.000   0.000   0.000   0.000   0.000   0.000   0.000   0.000   0.001   0.004   0.011   0.017   0.016   0.009   0.002   0.000   0.000   0.000   0.000   0.000   0.000   0.000   0.000   0.000   0.000  
0.000   0.000   0.000   0.000   0.000   0.000   0.000   0.000   0.002   0.007   0.015   0.019   0.015   0.007   0.001   0.000   0.000   0.000   0.000   0.000   0.000   0.000   0.000   0.000   0.000  
0.000   0.000   0.000   0.000   0.000   0.000   0.000   0.001   0.004   0.010   0.017   0.018   0.012   0.004   0.001   0.000   0.000   0.000   0.000   0.000   0.000   0.000   0.000   0.000   0.000  
0.000   0.000   0.000   0.000   0.000   0.000   0.000   0.001   0.004   0.009   0.013   0.013   0.007   0.002   0.000   0.000   0.000   0.000   0.000   0.000   0.000   0.000   0.000   0.000   0.000  
# New slice
