# Array shape: (8, 12, 12)
0.000   0.000   0.000   0.000   0.000   0.000   0.000   0.000   0.000   0.000   0.000   0.000  
0.000   0.000   0.000   0.000   0.000   0.000   0.000   0.000   0.000   0.000   0.000   0.000  
0.000   0.002   0.457   0.456   0.456   0.366   0.366   0.366   0.366   0.317   0.000   0.000  
0.000   0.001   0.219   0.219   0.414   0.456   0.456   0.456   0.456   0.456   0.000   0.000  
0.000   0.000   0.001   -0.000  -0.000  0.000   0.000   0.043   0.457   0.384   -0.000  0.000  
0.000   0.000   0.000   0.000   0.000   0.000   0.000   0.449   0.457   0.085   -0.000  0.000  
0.000   0.000   0.000   0.000   0.000   0.000   0.019   0.457   0.348   -0.001  0.000   0.000  
0.000   0.000   0.000   0.000   0.000   0.001   0.452   0.457   0.000   -0.000  0.000   0.000  
0.000   0.000   0.000   0.000   0.000   0.374   0.457   0.312   -0.001  0.000   0.000   0.000  
0.000   0.000   0.000   0.000   0.062   0.457   0.457   -0.000  0.000   0.000   0.000   0.000  
0.000   0.000   0.000   0.001   0.438   0.458   0.101   -0.000  0.000   0.000   0.000   0.000  
0.000   0.000   0.000   0.001   0.457   0.458   0.076   0.000   0.000   0.000   0.000   0.000  
# New slice
0.000   0.000   0.000   0.000   0.000   0.000   0.000   0.000   0.000   0.000   0.000   0.000  
0.000   0.000   0.000   0.000   0.000   0.000   0.000   0.000   0.000   0.000   0.000   0.000  
0.000   0.000   0.005   0.008   0.007   0.005   0.003   0.003   0.003   0.003   0.001   0.000  
0.000   0.001   0.139   0.139   0.139   0.111   0.112   0.112   0.113   0.099   0.005   0.000  
0.000   0.001   0.064   0.064   0.124   0.138   0.139   0.139   0.142   0.145   0.005   0.000  
0.000   0.000   0.000   0.000   0.000   0.001   0.001   0.015   0.146   0.121   0.001   0.000  
0.000   0.000   0.000   0.000   0.000   0.000   0.000   0.138   0.145   0.029   0.000   0.000  
0.000   0.000   0.000   0.000   0.000   0.000   0.009   0.144   0.109   0.000   0.000   0.000  
0.000   0.000   0.000   0.000   0.000   0.002   0.141   0.144   0.005   0.000   0.000   0.000  
0.000   0.000   0.000   0.000   0.000   0.112   0.146   0.097   0.000   0.000   0.000   0.000  
0.000   0.000   0.000   0.000   0.020   0.146   0.145   0.002   0.000   0.000   0.000   0.000  
0.000   0.000   0.000   0.000   0.134   0.147   0.038   0.000   0.000   0.000   0.000   0.000  
# New slice
0.000   0.000   0.000   0.000   0.000   0.000   0.000   0.000   0.000   0.000   0.000   0.000  
0.000   0.000   0.000   0.000   0.000   0.000   0.000   0.000   0.000   0.000   0.000   0.000  
0.000   0.119   0.457   0.418   0.139   0.002   0.002   0.002   0.002   0.002   0.000   0.000  
0.000   0.305   0.620   0.620   0.609   0.593   0.620   0.616   0.620   0.511   0.001   0.000  
0.000   0.000   -0.000  -0.001  0.115   0.112   0.186   0.175   0.602   0.473   -0.000  0.000  
0.000   0.000   0.000   0.000   0.000   0.000   0.000   0.498   0.607   0.117   -0.000  0.000  
0.000   0.000   0.000   0.000   0.000   0.000   0.186   0.616   0.425   -0.001  0.000   0.000  
0.000   0.000   0.000   0.000   0.000   0.000   0.495   0.570   0.081   -0.000  0.000   0.000  
0.000   0.000   0.000   0.000   0.000   0.329   0.606   0.402   -0.000  0.000   0.000   0.000  
0.000   0.000   0.000   0.000   0.054   0.621   0.590   0.047   0.000   0.000   0.000   0.000  
0.000   0.000   0.000   0.000   0.502   0.621   0.164   -0.000  0.000   0.000   0.000   0.000  
0.000   0.000   0.000   0.170   0.620   0.621   0.073   0.000   0.000   0.000   0.000   0.000  
# New slice
0.000   0.000   0.000   0.000   0.000   0.000   0.000   0.000   0.000   0.000   0.000   0.000  
0.000   0.000   0.000   0.000   0.000   0.000   0.000   0.000   0.000   0.000   0.000   0.000  
0.000   0.000   -0.000  -0.001  -0.000  -0.000  0.000   0.000   0.000   0.000   0.000   0.000  
0.000   0.000   0.000   0.001   0.000   -0.001  -0.001  -0.001  -0.002  -0.002  -0.000  0.000  
0.000   0.000   -0.000  0.000   0.001   0.001   0.001   0.001   -0.000  -0.001  0.001   0.000  
0.000   0.000   0.000   0.000   0.000   0.000   0.000   -0.000  -0.002  -0.000  0.001   0.000  
0.000   0.000   0.000   0.000   0.000   0.000   0.000   -0.001  -0.001  0.001   0.000   0.000  
0.000   0.000   0.000   0.000   0.000   0.000   -0.000  -0.002  0.000   0.001   0.000   0.000  
0.000   0.000   0.000   0.000   0.000   -0.000  -0.001  -0.001  0.001   0.000   0.000   0.000  
0.000   0.000   0.000   0.000   0.000   -0.001  -0.002  0.000   0.001   0.000   0.000   0.000  
0.000   0.000   0.000   0.000   -0.000  -0.002  -0.001  0.001   0.000   0.000   0.000   0.000  
0.000   0.000   0.000   0.000   -0.001  -0.002  0.000   0.000   0.000   0.000   0.000   0.000  
# New slice
0.000   0.000   0.000   0.000   0.000   0.000   0.000   0.000   0.000   0.000   0.000   0.000  
0.000   0.000   0.000   0.000   0.000   0.000   0.000   0.000   0.000   0.000   0.000   0.000  
0.000   0.000   0.002   0.006   0.005   0.004   0.002   0.002   0.002   0.003   0.001   0.000  
0.000   0.000   0.483   0.542   0.541   0.519   0.441   0.442   0.441   0.443   0.129   0.000  
0.000   0.000   0.161   0.267   0.372   0.541   0.541   0.542   0.534   0.545   0.325   0.000  
0.000   0.000   0.000   0.000   0.000   0.001   0.001   0.001   0.508   0.546   0.047   0.000  
0.000   0.000   0.000   0.000   0.000   0.000   0.000   0.143   0.546   0.515   0.001   0.000  
0.000   0.000   0.000   0.000   0.000   0.000   -0.000  0.458   0.545   0.015   0.000   0.000  
0.000   0.000   0.000   0.000   0.000   -0.000  0.182   0.545   0.411   0.000   0.000   0.000  
0.000   0.000   0.000   0.000   0.000   0.010   0.545   0.545   0.003   0.000   0.000   0.000  
0.000   0.000   0.000   0.000   -0.001  0.492   0.546   0.186   0.000   0.000   0.000   0.000  
0.000   0.000   0.000   0.000   0.146   0.547   0.545   0.001   0.000   0.000   0.000   0.000  
# New slice
0.000   0.000   0.000   0.000   0.000   0.000   0.000   0.000   0.000   0.000   0.000   0.000  
0.000   0.000   0.000   0.000   0.000   0.000   0.000   0.000   0.000   0.000   0.000   0.000  
0.000   0.129   0.277   0.228   0.055   0.001   0.001   0.001   0.001   0.000   0.000   0.000  
0.000   0.327   0.371   0.368   0.367   0.367   0.367   0.362   0.369   0.209   -0.001  0.000  
0.000   0.000   -0.001  -0.001  0.096   0.097   0.097   0.124   0.368   0.157   -0.000  0.000  
0.000   0.000   0.000   0.000   0.000   0.000   0.000   0.372   0.372   -0.003  -0.000  0.000  
0.000   0.000   0.000   0.000   0.000   0.000   0.201   0.371   0.091   -0.000  0.000   0.000  
0.000   0.000   0.000   0.000   0.000   0.000   0.372   0.363   -0.003  -0.000  0.000   0.000  
0.000   0.000   0.000   0.000   0.000   0.327   0.371   0.083   -0.000  0.000   0.000   0.000  
0.000   0.000   0.000   0.000   0.059   0.372   0.322   -0.002  0.000   0.000   0.000   0.000  
0.000   0.000   0.000   0.000   0.372   0.372   -0.005  -0.000  0.000   0.000   0.000   0.000  
0.000   0.000   0.000   0.183   0.371   0.368   -0.002  0.000   0.000   0.000   0.000   0.000  
# New slice
0.000   0.000   0.000   0.000   0.000   0.000   0.000   0.000   0.000   0.000   0.000   0.000  
0.000   0.000   0.000   0.000   0.000   0.000   0.000   0.000   0.000   0.000   0.000   0.000  
0.000   0.001   0.001   0.001   0.002   0.001   0.001   0.001   0.001   0.000   0.000   0.000  
0.000   0.001   0.001   0.002   0.003   0.002   0.002   0.002   0.003   0.002   0.002   0.000  
0.000   0.000   -0.000  -0.001  -0.001  0.000   -0.000  0.000   0.001   0.001   0.002   0.000  
0.000   0.000   0.000   0.000   0.000   0.000   0.000   0.001   0.000   0.001   0.000   0.000  
0.000   0.000   0.000   0.000   0.000   0.000   0.001   0.001   0.001   0.001   0.000   0.000  
0.000   0.000   0.000   0.000   0.000   0.000   0.001   0.000   0.001   0.000   0.000   0.000  
0.000   0.000   0.000   0.000   0.000   0.001   0.001   0.001   0.001   0.000   0.000   0.000  
0.000   0.000   0.000   0.000   0.001   0.002   0.001   0.001   0.000   0.000   0.000   0.000  
0.000   0.000   0.000   0.000   0.001   0.001   0.001   0.000   0.000   0.000   0.000   0.000  
0.000   0.000   0.000   0.001   0.001   0.000   0.002   0.000   0.000   0.000   0.000   0.000  
# New slice
0.000   0.000   0.000   0.000   0.000   0.000   0.000   0.000   0.000   0.000   0.000   0.000  
0.000   0.000   0.000   0.000   0.000   0.000   0.000   0.000   0.000   0.000   0.000   0.000  
0.000   0.001   0.005   0.009   0.009   0.006   0.005   0.005   0.005   0.004   0.002   0.000  
0.000   0.001   0.008   0.011   0.010   0.011   0.011   0.011   0.012   0.012   0.007   0.000  
0.000   0.001   0.006   0.007   0.009   0.010   0.011   0.011   0.014   0.017   0.007   0.000  
0.000   0.000   0.000   0.000   0.000   0.001   0.001   0.004   0.015   0.016   0.003   0.000  
0.000   0.000   0.000   0.000   0.000   0.000   0.001   0.010   0.016   0.010   0.000   0.000  
0.000   0.000   0.000   0.000   0.000   0.000   0.004   0.015   0.015   0.002   0.000   0.000  
0.000   0.000   0.000   0.000   0.000   0.002   0.013   0.016   0.008   0.000   0.000   0.000  
0.000   0.000   0.000   0.000   0.001   0.008   0.016   0.014   0.002   0.000   0.000   0.000  
0.000   0.000   0.000   0.000   0.004   0.017   0.017   0.005   0.000   0.000   0.000   0.000  
0.000   0.000   0.000   0.001   0.010   0.019   0.015   0.001   0.000   0.000   0.000   0.000  
# New slice
