# Array shape: (8, 4, 4)
0.136   -0.652  -0.543  -0.409 
-0.857  -0.736  -0.289  -0.818 
-0.033  0.722   0.885   -0.835 
-0.246  0.903   -0.339  0.844  
# New slice
0.949   0.983   0.988   0.973  
-0.896  -0.981  -0.960  -0.132 
0.494   0.840   -0.390  -0.538 
0.825   0.745   -0.240  -0.697 
# New slice
0.997   0.998   0.878   -0.358 
0.235   0.241   -0.315  -0.606 
-0.102  -0.883  -0.917  -0.650 
-0.649  -0.790  -0.809  -0.384 
# New slice
0.923   0.915   0.879   0.921  
-0.451  -0.898  -0.622  -0.061 
0.040   -0.514  0.038   -0.544 
-0.279  0.313   0.422   -0.446 
# New slice
0.413   -0.694  -0.396  -0.437 
0.153   0.116   0.478   -0.757 
0.250   0.588   0.036   0.210  
0.103   0.150   -0.982  0.758  
# New slice
0.808   -0.680  -0.698  -0.257 
0.911   0.631   0.969   0.884  
0.320   0.080   0.997   0.315  
-0.148  0.995   0.995   -0.924 
# New slice
0.742   0.983   0.994   0.993  
-0.747  -0.547  -0.841  0.368  
0.344   0.413   -0.710  0.768  
0.454   0.001   -0.518  0.842  
# New slice
0.236   -0.890  -0.834  0.229  
-0.520  -0.847  0.838   0.346  
-0.031  0.148   0.911   -0.980 
-0.437  0.889   -0.176  0.165  
# New slice
