# Array shape: (8, 12, 12)
0.005   0.005   0.007   0.005   0.010   0.006   0.007   0.005   0.007   0.004   0.003   0.005  
0.007   0.006   0.006   0.002   0.005   0.005   0.000   0.009   0.009   0.001   0.003   0.000  
0.012   0.009   0.490   0.490   0.489   0.384   0.382   0.383   0.384   0.331   0.005   0.001  
0.013   0.006   0.217   0.220   0.382   0.490   0.490   0.490   0.490   0.490   0.009   0.001  
0.012   0.006   0.005   0.004   0.004   0.004   0.008   0.043   0.491   0.405   0.009   0.004  
0.008   0.006   0.007   0.003   0.004   0.001   0.009   0.480   0.490   0.083   0.005   0.003  
0.008   0.005   0.000   0.005   0.001   0.006   0.014   0.490   0.365   0.005   0.001   0.001  
0.005   0.002   0.006   0.005   0.004   0.002   0.484   0.490   0.002   0.002   0.006   0.001  
0.008   0.002   0.002   0.004   0.012   0.392   0.490   0.319   0.012   0.010   0.003   0.001  
0.001   0.002   0.007   0.001   0.057   0.490   0.490   0.002   0.005   0.004   0.003   0.006  
0.003   0.003   0.006   0.007   0.466   0.490   0.102   0.006   -0.000  0.003   0.003   0.004  
0.002   0.003   0.011   0.002   0.490   0.490   0.069   0.004   0.007   0.008   0.002   0.001  
# New slice
0.006   0.017   0.004   0.008   -0.003  0.005   0.004   0.001   0.002   0.013   0.008   0.010  
0.010   0.002   0.004   0.003   0.007   0.006   0.004   -0.003  0.004   0.022   0.005   0.009  
0.012   0.002   0.006   0.001   -0.001  0.006   0.002   0.000   -0.000  0.002   0.011   0.005  
0.004   0.012   0.133   0.133   0.133   0.110   0.105   0.105   0.107   0.092   -0.001  -0.000 
0.005   -0.001  0.061   0.058   0.120   0.133   0.133   0.133   0.130   0.133   0.007   0.010  
-0.000  0.010   -0.003  0.008   0.002   -0.003  0.005   0.004   0.133   0.109   0.005   -0.001 
0.001   0.000   0.002   0.005   0.009   0.003   0.006   0.130   0.133   0.019   0.000   0.002  
0.007   0.015   0.006   0.009   0.002   0.016   0.000   0.133   0.101   0.005   0.010   0.002  
0.008   0.003   0.006   0.001   -0.002  0.014   0.130   0.132   0.011   0.005   0.013   0.003  
0.009   0.007   0.007   -0.000  0.014   0.104   0.133   0.094   0.010   0.004   0.002   0.001  
0.006   0.004   0.003   0.003   0.018   0.133   0.132   0.004   0.003   0.011   0.006   0.013  
0.002   0.002   0.006   -0.000  0.127   0.134   0.034   0.003   0.017   0.000   0.003   0.019  
# New slice
0.023   0.020   0.032   0.016   0.024   0.003   0.016   0.052   0.010   -0.001  0.011   0.015  
0.030   0.027   0.000   0.002   0.029   0.007   0.006   -0.015  0.023   0.019   0.023   0.002  
0.050   0.110   0.396   0.387   0.118   0.046   0.025   0.024   0.021   0.000   0.013   0.028  
0.003   0.266   0.521   0.554   0.544   0.525   0.548   0.532   0.524   0.458   0.013   0.019  
0.007   0.043   0.039   0.021   0.139   0.112   0.188   0.168   0.539   0.420   0.022   0.047  
0.020   0.026   0.009   0.014   0.022   0.038   0.039   0.434   0.531   0.130   0.041   0.041  
0.034   0.033   0.019   0.005   0.014   0.019   0.171   0.520   0.394   0.018   0.020   0.038  
0.025   0.024   -0.002  0.019   0.021   0.018   0.441   0.479   0.058   0.005   0.003   0.016  
0.028   0.001   0.003   0.055   0.028   0.304   0.549   0.353   0.002   0.008   0.027   0.009  
0.047   0.027   0.013   0.001   0.039   0.549   0.515   0.056   0.033   0.032   0.014   0.010  
0.015   0.019   0.008   0.009   0.431   0.540   0.124   0.024   0.002   0.020   0.045   0.023  
0.030   -0.005  0.006   0.185   0.533   0.537   0.082   0.003   0.017   0.066   0.030   0.041  
# New slice
-0.000  -0.000  -0.000  -0.000  -0.000  -0.000  -0.000  -0.000  -0.000  -0.000  -0.000  -0.000 
-0.000  -0.000  -0.000  -0.000  -0.000  -0.000  -0.000  -0.000  -0.000  -0.000  -0.000  -0.000 
-0.000  -0.000  -0.000  -0.000  -0.000  -0.000  -0.000  -0.000  -0.000  -0.000  -0.000  -0.000 
-0.000  -0.000  -0.000  -0.000  -0.000  -0.000  -0.000  -0.000  -0.000  -0.000  -0.000  -0.000 
-0.000  -0.000  -0.000  -0.000  -0.000  -0.000  -0.000  -0.000  -0.000  -0.000  -0.000  -0.000 
-0.000  -0.000  -0.000  -0.000  -0.000  -0.000  -0.000  -0.000  -0.000  -0.000  -0.000  -0.000 
-0.000  -0.000  -0.000  -0.000  -0.000  -0.000  -0.000  -0.000  -0.000  -0.000  -0.000  -0.000 
-0.000  -0.000  -0.000  -0.000  -0.000  -0.000  -0.000  -0.000  -0.000  -0.000  -0.000  -0.000 
-0.000  -0.000  -0.000  -0.000  -0.000  -0.000  -0.000  -0.000  -0.000  -0.000  -0.000  -0.000 
-0.000  -0.000  -0.000  -0.000  -0.000  -0.000  -0.000  -0.000  -0.000  -0.000  -0.000  -0.000 
-0.000  -0.000  -0.000  -0.000  -0.000  -0.000  -0.000  -0.000  -0.000  -0.000  -0.000  -0.000 
-0.000  -0.000  -0.000  -0.000  -0.000  -0.000  -0.000  -0.000  -0.000  -0.000  -0.000  -0.000 
# New slice
0.001   0.002   0.003   0.007   -0.001  0.005   0.004   0.004   0.002   -0.001  0.002   0.008  
0.007   0.002   0.010   -0.000  0.008   0.001   0.006   0.002   0.003   0.003   0.006   0.004  
0.007   0.054   0.005   0.005   -0.002  0.002   0.000   0.003   0.006   0.004   -0.000  0.006  
0.000   -0.001  0.522   0.598   0.597   0.567   0.466   0.464   0.480   0.469   0.118   0.000  
0.009   0.011   0.154   0.268   0.383   0.598   0.598   0.598   0.588   0.598   0.326   0.002  
0.009   0.002   0.004   0.003   0.004   0.007   0.001   0.002   0.549   0.600   0.049   0.001  
0.004   0.001   0.006   0.003   0.004   0.001   0.001   0.137   0.598   0.558   0.004   -0.002 
0.004   0.005   0.007   0.001   0.001   0.003   0.004   0.482   0.597   0.010   0.001   0.011  
0.002   0.004   0.002   0.016   0.000   0.003   0.176   0.597   0.424   0.003   0.005   0.004  
0.007   0.005   0.003   0.008   0.009   0.018   0.597   0.597   0.002   0.009   0.003   0.001  
0.000   0.006   -0.001  0.009   0.005   0.527   0.597   0.183   -0.000  0.006   0.002   0.002  
0.001   -0.000  0.004   0.007   0.144   0.598   0.597   0.005   0.006   -0.001  0.003   0.006  
# New slice
0.004   0.003   0.010   0.007   0.001   0.006   0.007   0.008   0.010   0.001   0.078   0.012  
0.001   0.002   0.003   0.004   0.002   0.002   0.012   0.011   -0.001  0.009   0.005   0.004  
0.002   0.125   0.284   0.231   0.051   0.005   0.012   0.006   0.000   0.002   0.013   0.008  
-0.000  0.340   0.388   0.387   0.388   0.387   0.388   0.381   0.388   0.215   0.008   0.002  
0.001   0.009   0.004   0.005   0.102   0.103   0.106   0.125   0.389   0.162   0.005   0.004  
0.000   0.003   0.007   0.001   -0.001  0.001   0.002   0.387   0.389   0.004   0.008   0.003  
0.008   0.006   0.000   0.001   0.011   0.003   0.220   0.388   0.094   0.004   0.006   0.003  
0.005   0.003   0.000   0.015   0.006   0.001   0.388   0.380   0.000   0.016   0.005   0.011  
0.002   0.000   0.006   -0.003  0.003   0.340   0.388   0.080   0.001   0.002   0.004   0.011  
0.002   0.010   0.001   0.012   0.061   0.388   0.337   0.000   0.008   0.001   0.005   0.002  
0.002   0.013   0.010   0.002   0.385   0.389   0.002   -0.001  0.004   0.007   0.004   0.003  
0.005   0.007   0.054   0.185   0.388   0.388   0.009   0.006   0.007   0.002   0.004   0.005  
# New slice
-0.000  -0.000  -0.000  -0.000  -0.000  -0.000  -0.000  -0.000  -0.000  -0.000  -0.000  -0.000 
-0.000  -0.000  -0.000  -0.000  -0.000  -0.000  -0.000  -0.000  -0.000  -0.000  -0.000  -0.000 
-0.000  -0.000  -0.000  -0.000  -0.000  -0.000  -0.000  -0.000  -0.000  -0.000  -0.000  -0.000 
-0.000  -0.000  -0.000  -0.000  -0.000  -0.000  -0.000  -0.000  -0.000  -0.000  -0.000  -0.000 
-0.000  -0.000  -0.000  -0.000  -0.000  -0.000  -0.000  -0.000  -0.000  -0.000  -0.000  -0.000 
-0.000  -0.000  -0.000  -0.000  -0.000  -0.000  -0.000  -0.000  -0.000  -0.000  -0.000  -0.000 
-0.000  -0.000  -0.000  -0.000  -0.000  -0.000  -0.000  -0.000  -0.000  -0.000  -0.000  -0.000 
-0.000  -0.000  -0.000  -0.000  -0.000  -0.000  -0.000  -0.000  -0.000  -0.000  -0.000  -0.000 
-0.000  -0.000  -0.000  -0.000  -0.000  -0.000  -0.000  -0.000  -0.000  -0.000  -0.000  -0.000 
-0.000  -0.000  -0.000  -0.000  -0.000  -0.000  -0.000  -0.000  -0.000  -0.000  -0.000  -0.000 
-0.000  -0.000  -0.000  -0.000  -0.000  -0.000  -0.000  -0.000  -0.000  -0.000  -0.000  -0.000 
-0.000  -0.000  -0.000  -0.000  -0.000  -0.000  -0.000  -0.000  -0.000  -0.000  -0.000  -0.000 
# New slice
-0.000  -0.000  -0.000  -0.000  -0.000  -0.000  -0.000  -0.000  -0.000  -0.000  -0.000  -0.000 
-0.000  -0.000  -0.000  -0.000  -0.000  -0.000  -0.000  -0.000  -0.000  -0.000  -0.000  -0.000 
-0.000  -0.000  -0.000  -0.000  -0.000  -0.000  -0.000  -0.000  -0.000  -0.000  -0.000  -0.000 
-0.000  -0.000  -0.000  -0.000  -0.000  -0.000  -0.000  -0.000  -0.000  -0.000  -0.000  -0.000 
-0.000  -0.000  -0.000  -0.000  -0.000  -0.000  -0.000  -0.000  -0.000  -0.000  -0.000  -0.000 
-0.000  -0.000  -0.000  -0.000  -0.000  -0.000  -0.000  -0.000  -0.000  -0.000  -0.000  -0.000 
-0.000  -0.000  -0.000  -0.000  -0.000  -0.000  -0.000  -0.000  -0.000  -0.000  -0.000  -0.000 
-0.000  -0.000  -0.000  -0.000  -0.000  -0.000  -0.000  -0.000  -0.000  -0.000  -0.000  -0.000 
-0.000  -0.000  -0.000  -0.000  -0.000  -0.000  -0.000  -0.000  -0.000  -0.000  -0.000  -0.000 
-0.000  -0.000  -0.000  -0.000  -0.000  -0.000  -0.000  -0.000  -0.000  -0.000  -0.000  -0.000 
-0.000  -0.000  -0.000  -0.000  -0.000  -0.000  -0.000  -0.000  -0.000  -0.000  -0.000  -0.000 
-0.000  -0.000  -0.000  -0.000  -0.000  -0.000  -0.000  -0.000  -0.000  -0.000  -0.000  -0.000 
# New slice
